Z1
[1,-1,1,-20067762415575526585033208209338542750930230312178956502,34481611795030556467032985690390720374855944359319180361266008296291939448732243429]
[1,0,0,-55671146865244401916117773020296610079754015500970,161981895322788558220906653027519611838007321625214218991719656790551905956] 
[1,0,1,-120039822036992245303534619191166796374,504224992484910670010801799168082726759443756222911415116] 

Z2
[1,-1,1,-244537673336319601463803487168961769270757573821859853707,961710182053183034546222979258806817743270682028964434238957830989898438151121499931]
[1,-1,1,31368015812338065133318565292206590792820353345,302038802698566087335643188429543498624522041683874493555186062568159847]
[1,-1,1,-5402916719086617828375837827547110441856966557762,4833725859886565634383924531696717238724057019566476908693058963652612161]
[1,0,0,-26175960092705884096311701787701203903556438969515,51069381476131486489742177100373772089779103253890567848326775119094885041]
[1,0,0,-1718612993735110076283239582307203184558215,445677626128337788660554947611110167094039534522619288819463817] 
[1,0,1,-957089489055751752507625259831765957846101,351598252970651757672333752869879740192822872602430248013582348]
[1,0,0,-1243378215801409573671681394724148505836465,533568551747456170418786926292796873632980274337049541031491817] 
[1,0,0,88871190402766374892305201263009054,3984685924354438849515723880588291198007040526340420]
[1,0,0,-17849664414856321688532880703583568631426320,29026120563785158608387957657788008917376822051452774596151718400] 
[1,0,0,-471959138426677420722309989289772596091750,124751636856485490330319407549080294592546759914600508504125156] 
[1,0,1,-28204247479665028137881824355126641095631,1607628613312482130477520396860594598897534891797451337504758] 
[1,0,1,-51671229331059644891666297654483243,4520596773662388877346447309051182845388785311959658] 
[1,0,0,-579352424306143750269326367254022350,-57305844527587581171925109677515882551564446162252284] 
[1,0,1,267853229754852595376917238570941410963001621467,170558547185604460032465298983507283645349525870236517451642935548238068] 
[1,0,0,-196465475161695260241191786153619014545241225,-60082143680753989869605925276848496067056532671061605793936509543] 
[1,0,0,-1778561648285876253264864713065168662962870,1330436329617472863597139221866207954812165565920030448022583716] 
[1,0,0,22461831362529182584186836961913400462,99681757298539603818055720843145922688167002101080034692] 
[1,0,0,-53380463151031517892334218440352731688495,4746640874350051847809461015538184892459778801618641227879481] 
[1,0,0,-30082139823936559483905935102688940491458934663,2614705158611963590952856462176361058450781199585405595471549728071817] 
[1,0,1,34318214642441646362435632562579908747,3184376895814127197244886284686214848599453811643486936756]
[1,0,0,-44983303148372813062091588735006222790,113817052678905764015135842208733506900505149372185755492] 
[1,0,1,-9787472643107005523075719618421934671816478,1666408105881456642404124109941261415712089105209504669167254756] 
[1,0,0,-38064598122520711827608887857833864769365,2856369890490724644127902394897782785656508815105789929216225] 
[1,-1,0,-47377997631934616131259094,122064326885475393485584567015835076600] 
[1,0,0,-51106946802276227168271274508580303280,127511987670191066099774598999351078737626128769504582400] 
[1,0,1,-64190352133650606480221565034283908,6257960443183058651654529269954235645237394699230806] 
[1,0,0,-216076975581241605290593269610764674033899535,1221571297586610208346770805381771300462584021696247498228323684281] 
[1,0,0,-3832688764917421379334667773551764790415,86844083576319836701329199109169248733271425836097421944441] 
[1,0,1,5951426409500892217936031442603949,168382775057670806272015446735529656531537361718498] 
[1,0,1,-1845405794077345534197002132615516017,964836926172330152442989919849549759511718286466193960] 
[1,0,0,-1191804730500424033925604503925418545,631829803982594793008749008719966270203629849711747561]
[1,0,0,-1573649343823368540876031311163,759700447776441994545662848372757124914524817] 
[1,0,0,-2360001638573495470166776973829890,44062209861456503824552700986268012124494211867396] 
[1,0,0,-29839290725011012608171999345220110,1979236691612664032853709351618739821303730471684100] 
[1,0,0,-52047907302382016235549131295090894646019785820,3765690091100200058431161279696704551339371810396491596556107365008400] 
[1,0,0,-4562085945883852510841543387549451275,3745932842931265406265852327213395046483588868755572721] 
[1,0,0,-895188084269145089286863460663926876363,174411902397937497301876066491132779199450021157173123695217] 
[1,0,0,-13397943136358263756130318190185,18870818293000775719167980823166925265792205401] 
[1,0,0,-26203137369313475904909479991597350,1632588248343784552178712665324524152998828231119332] 
[1,0,0,13842139136873585658473535883368685,2310578587702287143012929957420435535344485058013217] 
[1,0,1,-14820294086928440424633522968703528226,20765370987006393364428714101869184104544076455919147848] 
[0,1,0,-1692310759026568999140789578145,839379398840982294584587970773038145228669599]
[0,0,0,-12980282175768890811438819732,116802985717915987899448766677826872704944] 
[1,0,0,-7372911492530406268416156245,243594391906613268628507257344604677608161] 
[1,0,0,-9468594009199910821775026235,391555244342706113038825183927385153742225] 
[1,0,0,3316490747528662771547963488767495,73682323027772693525742362632573935085905483165177] 
[1,0,1,-12949314925486190388475166345996148,567175248136512872178139054853895538293674461867078] 
[1,0,0,-199429807965769527099340083105123887569092655,946696238553698249107052023781560988843839015226125020059567966777] 
[1,0,1,-1773871677446826525005545991723918613373997023,28749498729292324150415916003880104290244501502154076094544626253078] 
[1,0,1,-26363867662083075045300295608,1621855500711191032644827748500946408874618] 
[0,0,0,402599774387690701016910427272483,0] 
[1,0,0,-364003597619839345303475845,2661752594229761591647083926409872269121] 
[1,0,1,-61921000404140250035010966476,5493922843641638281057255866260479093623098] 
[0,-1,0,-509950789086030314489955920558837608,140130321779001521948352158126853977618474636223309712] 
[1,0,0,-171200986856092494838171586102348100,27265121712499053058689490946092296820255657246754832] 
[1,0,0,-1509728080370551903948467456595,699861599603435695418146285237400317340485025] 
[1,0,1,-101715916348577317389705969215206393,12481057169848342962649256704133118757859512528137008]
[1,0,0,-91850566882818096919315,1037306571339910255836508005644277281] 
[1,0,0,-54577758097861548710739028530,5829104169635539327474318664633772807972996] 
[1,0,0,-1987692401077923895199708829309,1075883914107800804285521609739811088223454705] 
[1,0,0,-47847763372758290648644402243255,127351524490807893375157005788342713513098443177] 
[1,0,0,-7563016932293571961417207451,386369359779887273958016110137382888086481]

Z3 
[1,0,1,-107404730164187455100283304999195859754632145403,48976939778870435455584633601954124477725966045276826839333933204370006]
[1,0,1,-18867784760635242349892340171680238008255587838,997538055692091226068752063841965542145691025244956491303628897332656]
[0,1,1,-24791434545122407462176574410341851245,47463673909255798147742316846176526846664068435304032999]
[1,0,0,-560715933702165990261993692150795879540,5299428030171662962897867758309003693598430128674403539600]
[1,0,0,-73262771788012628080963454016709537315,240598790801630018163569184912325717758514948008409652225]
[1,0,0,-7032750154590180472810630714591592198580,234825110521164672374627005794918283861649641835073217760400]
[1,0,0,-245159698188178088219881294961406816115,1510191009902655798002552220643158891490617937867360088417]
[1,0,0,-35822192130572784206480514296239908919425,2609719568750620065454923921391767461604324824175741297455625]
[1,0,1,-314261798247699281583485627025593248,67755045622702867235372184283705632291457304269577006]
[1,0,1,-2557499874808783579775134722531513,49997987268990292225606516653085266862246125287656]
[0,1,0,-298337765420974027925404974199074153225,2209525297419800283762159062541471723368027978017989315000]
[1,0,1,-81089552755699140908030202688368478038,281263936268193464077589295595406966386314342335769150988] 
[1,0,1,-227204253761112793208000940016487352978,1318089867386926711140924601590234088488769981566633802648]
[1,0,1,-2061966282312748415211387989253532899918,36079330409584890827203029261000439483009603580628519854608]
[1,0,1,-69993120101005305009860092170583378,7639258120193164015870793100033493923516729761682248]
[1,0,1,-51012395091150795883443767656668298,76434974688414573638384904319711864744626666727159256]
[1,0,0,-15075739125931590120183633247999865,719481272914731335170056334451666685290651887623417]
[1,0,0,-420123886323242988442406904384921148985,14547746280073821301806145504809500759831594126734723275897] 
[1,0,0,-2274412631042746230240014920326936789445,41861448474250945269536760003663301866430401503884473151937]
[1,0,0,-3460212184869409462879787098424302220365,76725332182289401244480579162479048671720653011227833006225]
[1,0,0,-5915232167158349511943570504558263178160,189989838940979212731233721328707449324240816328756166793472]
[1,0,0,-2930856110646876366568351217006462280065,61162147490056987962447877881747110669389916249870892297225]
[1,0,0,-1604115720432703747645854436115825419710,24854471963630464651375308856010948374447644530671142636100]
[1,0,0,-435143747768370112106161383366802254050,-1718988230824332939656053494953243446622485861836978983868] 
[1,0,0,-9961897895877072436363696377038852218385,386641226009676505641094591224658839288977045345666728365225]
[1,0,0,-4296561733833813622211765271899645505485,110491051080034418321885623194222767606021500012097359146897]
[1,0,0,-12639274175693629669246799362435207748655,546025924766214300252759666836267029730941947556294567508025]
[1,0,0,-6822056808999168202154285328075085085610,220557528518736836412923854565947623298384352585736677636772]
[1,0,0,-12330133292485949436592445464751904238410,526068270853525264701322899592369976900342938683261805191972]
[1,0,0,1211947908078559188213163163805214393450,12487523185136437111960490242590614939802936818380403902500]
[1,0,0,-10550832125564514944256818543885357615825,419625737407708712632765113547497120508448337766481231555625]
[1,0,0,-347224739173438611349143152475095606405720,131243904079630053502971198622754870300832280107569949516942912]
[1,0,0,-17843714757132874055011263134593557643365,918347652275294697563872916161846113738275813342846617692417]
[1,0,0,-52511008932588540734880878160900060971565,97380634788478317255437122176207105241892655674522315598342225]
[1,0,0,98978303519591143407307037145293552090,794337445180275349451540964168292632664086352466344240100]
[1,0,0,638371365356923079870386876943741844375,20030368902810195212582937188953841745810795518138076948057]
[1,0,0,-347224739173438611349143152475095606405720,131243904079630053502971198622754870300832280107569949516942912]
[0,0,1,0,44182596082121121317135170025680399046545625711306]
[1,-1,0,-4536184139377606759385840064,117756938515259070124029037981449282901220] 
[0,0,0,-2902707625457545077500107175592,1904597097766869546326844055645258034709879849] 
[0,0,0,0,4692726937524378378756566939402025]
[0,0,1,0,87299817093221362429969788356520]
[0,0,0,0,30457819633596695100179965225]
[1,0,0,-101802374223975950878048695685575,423441144264551283172186925767924238963073455625]
[1,0,1,-4213613959455,3328416232976793662]
[1,0,0,-31931594312439500340,69606680279441891519909634192]
[1,0,0,-286699610291764606928838,59110806824657235777329702047745892]
[0,0,0,0,708291392738196762720225]
[0,0,0,0,136677874368461861091875625]

Z4
[1,-1,1,-184499078723795351292402856849265045735050014057471578105,964453138489564009753345308467213074059220517883096279979317728176086605791569407897]
[1,1,1,-62567866563741209951076219033072398452307404054845393938,190491265471364425314030862500734330699185709037646180838115059299563818726701936031]
[1,1,1,-284223355086479201781741517789301698531784400402276823264,1795273070993309604429144564052942175172562915080364861669114008722745205559477017601]
[1,0,0,-1086750289534747727483801311783198679020964,435973165715323898311705750809969552813996511661336976727731984]
[1,1,1,-204436185783252342785934887233210383183371840,1165977772244037776901948451219544033496456897571880326934385121505]
[1,1,1,-10920091632464590365831264648975539,437651494057993449247068775775947593191303103178481]
[1,0,0,-615411322294732283803288785027250860840,5538719221187391635372324416383813743465156669756429313600]
[0,-1,0,-28988736544619415368095370719165120,2092184664137813418988486724511221531954993872509532]
[1,0,0,-83598958924587909464854346830766301770,294558475635028689022196236625520239031964650641823108900]
[1,-1,1,-6733405851080577415475454221932585499304047,4800325455798548390824144090920449266363788590480449836501600119]
[1,1,1,-178794778214407978859461188,919419935068616719030140166742670899781]
[0,1,0,-110907705551334904313030730340,14209200477703631816262785853057594833158688]
[1,0,0,-1281493142199716912383484016491195,20908478821228455374087389955630487236070347099025]
[1,0,0,-760145319394626167366827836801635935,326380843415620023885693187007160075335038240252804697]
[1,-1,1,-1438890788668364715460404815472111782,664238447429240521151735809720974728393274982519227189]
[0,0,0,-2901413377029475814340493444042767,60112620677766830193510638729425884294374453937874]
[1,0,0,-469917050010248316855222453915732505,121700328613583346435162710697715924409177216507045177]
[1,0,0,-87362539812439413437833065426284,1241608478171540522727605890546080801398358040464]
[0,1,0,-18930547595582330633859100826042865,743333575262731208284792941763359206829310485395775]
[0,1,0,-50491061391988204405194159029361,135663699587915859546796760459040265253947368735]
[1,-1,1,-28562016892450236469278130528841147,1855604032124054096684337837801147788788173909411371]
[1,0,0,-1034642810304700336989303292996335,27194354320720666208457979454230524027566043738297]
[0,1,0,-1943429743722969114553996571920532980,14884792023408679915420022260951621825514385918921561728]
[0,1,0,-38396932203315800018086858812203832603560,2895935359083517194158307262550771514346143693455215925052708]
[1,0,0,-791410724196656192877500062111,270985332491881387056053084997768958465063385]
[1,0,0,-166949722612780501168288982743613641730,834840766609103026403820802333562999484076469013075040452]
[0,1,0,-205496172578185251395440662829934785,11849852981876652616557426694362320162271429199181183]
[0,1,0,-246850542450447117600763943437460,2124703140418099231592606536930952455079436940608]
[1,0,1,-1742907593966990756845614,884438686985072950763948120250518212]
[1,-1,1,-176620653974058428143264127,903414674763811890417046406006315779751]
[0,-1,0,-63101137631999143241257265,191341468112384598938400129107933347137]
[1,0,0,-3796945199097665047266867217657570,90053238757721148532503511375148048023191940383812]
[1,0,0,-483725969460602178479334521365188,190358540102254190991536781247531330227214704382992]
[0,-1,0,-16275673326928004830300499825,22374180470634970227928749712599947693981025]

Z5
[1,0,0,-1271376476514788123979112128312980,248131717764014678423337299444388036083025142487952]
[1,0,0,-1346404541224901580948752030,19318553476047119421649468184366353981476]
[1,0,0,-244225635073705856645045305358516300,47380375332133580095127079115821390516194400266490000]
[1,1,1,-257204508165423954816402995,1748673531007907498834205901854033996657]
[0,1,1,-1805632198953220354072743054330,937164323059943920996847199260009653476285734]
[1,0,0,-63027648904638221255187267455442654380,192587891217980559955297589531239556020861574645790129552]
[1,0,0,-44387306158736677028715737942358051994683995,2114995693353033198806002357956533114321352167757953849259495251025]
[0,-1,1,15906368950552398604847990,120164001913749952070571406918783027756]
[0,1,1,-43404903968582650644659510,110583089765290602424908396450544942556]

[1,0,0,-2197114487075051237175634730,118333571404896316649459410056137259532452]
[1,0,0,-217355654325805035467922425515,42013652306493555363669753849175483887204017]
[1,0,0,-25985723533607031680666573307358665,1777284485143248504295316827635107337913198661235225]
[0,1,1,21684687816792871940,536323633330486820975424434082364]
[1,0,0,-279021136261247540446385495,1793387038596711777513523387558820786025]
[1,0,0,-4401046837403916631215,113247068123398333719870687876921]
[1,0,0,-150896123934128959243712285,844403124386456716996509171987377289009]
[1,0,0,-597872211893293896943612690,6922653506619993467506840401756825604100]
[1,0,0,-235156296239005741872850045635,43891763533599932513239182886961588521260225]
[1,0,0,-3315884079090771665081738064855,2323793946140310258573734535551993806310705769]
[1,0,0,-1017843352326919892221795,583997132716712282566571150568433025]
[1,0,0,-2073251774144136812897272941735,1432876183537108072707643893400054387212141897]
[1,0,0,-4174902332253438226592458632430,13497276399741906319596161056780175385144581252]
[1,0,0,-104247069206207225692790,13077998295796069821444447267212100]
[1,0,0,50627101565668207228579525,31560876466833383058857093536380500625]
[0,1,1,-1712371016075117860,885787957535691389512940164]
[1,0,0,-18179020279645248226680989180,943130631992337822189098312617324575056400]
[1,0,0,-86360896643095981339889711579335,309665302194639946752926689756764603565256969225]
[1,0,0,-203194603752496447018924708520235,1114929529839196014201757121107587089072126910897]
[1,0,0,-351977692642507927577441218602598795,80382547686623410309989730337857042541667137846263025]

Z6
[1,0,0,-801598222309406030167646512525,1340218010187071010144873439749301626926500625]
[1,0,0,-131191625735555376835902425161835407770610,9527282740506020999783481471335892905756009749531992669364100]
[1,0,0,-3969894586069811345797915011354270,96060267726898136055233656334812211512766915208900]
[1,0,0,-684648272485680709402900211994868050,78106637528224228839785060686283103205949536929802500]
[1,0,0,-475580051023836530278979780324370,3991178865068293690072267520912681524547928912900]
[0,1,0,-196348925423783757393146158660311426285,1051757327090520025478687684152067952012419669968483731900]
[1,0,1,-913217994232980248076710723083809326628,11134659509213630442423739721043373303068542539029002813998]
[0,1,0,-2988953265941486315671511392675613660213547766700,1988561710795654748570775576651431494771732919207799253936953545372685348]
[1,0,0,-7215616324653838384913625350620220143981486228910,7312288533664556036160260732587179429322821986829787336941560686885443972]
[1,0,1,-360225153137805377563861499671657822554529441873,83216446291933254309928055003080883290004599027629309383724863943212006]
[1,0,0,-164709440877242365084184292915926531855737195,813625350097041580941646921583190206129348507310784165707920095025]
[1,0,1,-1335985556213327566393188804097819664,594359932384372250781816622950011820594941728829430686]
[1,0,0,-6425764677860152725987889739367599975652685,6269378239936665797804421444079658936297007509538479980249111697]
[1,0,1,-196088112850250619096616465973482541791329679334818,1056769769874550553807438390237468946455487112972817882032821970832478722306]
[1,0,0,-1601825625756180889302684290822230,24675947726759132681554784670325851665637575876900]
[1,0,0,-40261759047198447746757434668761470,3060380746085656600349631533426865337350014313816900]
[1,0,0,-18131452558471483129875821564394494454484900,27258515593219545269929733144764982359147216805507430448480010000]
[1,-1,0,-51900732008393603998885951715125368699,46417971051490003806207921373628830870755520996382489505]
[1,0,0,-40181448765949668810483386349055533876,87685454975186288849638211899417160265576039917893134480]
[1,0,0,-13579205648744547106359624860424940534765,568609448618954655318256769174781341052119102179499627318225]
[1,0,0,-1161478661360056498450485718381297335,795675079452688771133200765624035786829237375610829225]
[1,-1,1,-574566017499116627722160048766372482,183318463515904127413857838802960720074418403931454081]
[1,0,0,-988951765004387920861556578668438719509056534725,4431534526239166862771591096675025752199977904072746707532095151207939457]
[1,0,0,-38330935927950988758564975538833073660,85931186193126044675921569605579658081947137757428867600]
[1,0,0,-351800107054876846907380158079364186,80277302459037686725168689689159569323645590756047716]
[1,0,0,-262504052726499199028600605821170774370,1636654058247187351529049657559922095478041054731129912900]
[1,0,1,-19268651287520295734172617502244,32555553942033212710586516699879290958187545426]
[1,0,0,-242101612082080883465208402167744401,43842467815131256256702280920634993360357741186747305]
[0,1,0,-453220454411081041475408053976625,3713747448382841638829425541194406169971714250000]
[1,0,0,-2895282112695299617406105462760,1551478570292532622613954216675017870898049600]
[1,0,0,-2823100570650333061135120044365876,53722680317053770426036738014476974297901621850256]
[1,0,0,-521898581151662383158650415466,139102677048540476550558210975450499388872100]
[1,0,0,-1872011578199241696858789714444730545072390,928514599239546628471182227392719371419100052181457961233600100]
[1,0,1,-114366667228892131864239266348961991763,133933421605655657951410456339557051163582538807116292138]
[1,0,0,559385891168349980722395673069449996015,-38442351661794090503736559354538799936131699316186002775]
[1,0,0,-6889860610334057189402959744342034583398891,9237609872689667373966543917188645330280958771089536835713667121]
[1,0,0,-5735720609435000360396020614667808752375,150485353390295360395953965468084020388390614011037316510057]
[1,0,1,-27789073528333919645896990986690198743049,1859857500012745921403724958577667925343184951959353727909116]
[1,0,0,-10748559915580117411148840629957123150377245,51353186154970235088176813558981483453831048361767253377943481137]
[1,0,0,-1175965898117969065391602759190738535941395215,13886508272221232916512908346768597122959550121293581577167667901817]
[1,0,0,-2710804785482350140002262807627047854670,54317364067271902603276583693676832699580348548939354942212]
[1,0,0,-9598448290837410416433175183014219186075,403046614881349832317788129293290798901662698812680574011857]
[1,0,0,-28902434997566728221995372158795948632978030,59802932895295336101499213250419273077803080660758195348604896900]
[1,0,0,-47521204035926841956898925141731957068499123595,3982325303626844390018987506350285511096154267481713720529176140727537]
[1,0,0,-952728212693461467276534157906420051862114553060,357884838511562116559489813199629322271431639095878154384363495517243600]
[1,0,1,-299060956210539783759852343001586293825163,62948439399794304891707376109467111082257061553106032413026406]
[1,0,1,-728177856117250596635013323700992100749546784263413,7725511368374502384905062271934799362136250437256099440874528514783779254988]
[1,0,0,-1014496779500059672455281028048689531196403660,12395163886199166059057137251571878361480091007191998138642824467600]
[1,0,1,-6731612366192377228520404,3182900810959595258205766071715171806]
[0,1,0,-60313024735007362096072931339173916555726439220,3303762732437764940265112114690488828303891527290367159038723810320068]
[1,0,0,-2777246582103454442974884437155452336,1455564445936125191935204839747626363854260068301461760]
[1,0,0,12370764835409459885826379544,1795055346226263534415826963120427011109440]
[0,1,0,-749176510115432376219665096358484445,243093364565008663402919785745371914691215587070812100]
[1,0,0,-724016704581073411076105781935,-220753490559318324998944201709786454755631303]
[1,0,0,10129358605546801850018730604093405,987295481956596247636872669057081383779119725697025]
[1,-1,1,-41478854711290905361075386062753768,6403249394898252963732849109959916162148122363168427]
[1,0,1,-99634728422186774531580539738790094244,375457508444593787454386978108526003626550333098115853466]
[1,0,0,-11294541157720050543614442617749590666,14594228853098919253439575045715564198796435129317530660]
[0,1,0,-21810674198865395737062871633956077082660,1151582912834331488017675826216127056963052542628118246416900]
[0,1,0,-337623059472632292818061395642167180,243132517058363181473177057453027217617653118422244100]
[0,1,0,-14056407680017271277544631905,1082872295776815338920297488812717727150600]
[1,0,0,-15526899693898468469916326724876,-21604871823375940499049510857364653112584174960]
[1,0,0,11117292632236250245666794458636697124,121988636725290161362318441824000186384565986624370943760]
[1,0,1,-175219044424068117509041966499617841475424,28239604496925998457224868144701482152553911582356171886973022]
[0,1,0,-93971455422934013299698478937937711342461641,241891322469438552698504208730495830849813441909007302990150413480]
[1,0,0,-447356321155692541021835770377275637640375,115130968927509369313052214651851701004675603492806696081862057]
[1,0,1,-255425110305106802414698911353,49687082457794764104885126714843336579491148]
[1,0,0,-55770783304388775819212152590,41845524204552863364522334541356125554692]
[1,0,1,-394848720390105077262480299631448348,95429764858799172337292516330170489885737662330459006]
[0,1,0,-501209781246999256490762769859365,4318850679978610403682556735125251594711776528588]
[1,0,0,-68609682232337291238386381786680895670,177883367742624591465578320609206700407604463038260637212]
[1,0,0,2759310394700302714594168699773100722994915,10984377272880698572753499030828003947438720031331881909529234225]
[1,0,0,-211386149196435146955497603911210,2434876668936235238811922136488704637935627947172]
[1,0,0,-22473804120743025586469191535253225461374725963685096,1296578288999059294904801949174145155220000283044908446573856214321031379698240]
[1,0,0,-7923788923260228676409807151085980,271251944009258509680643055407258125899930873264400]
[0,1,0,-310679136976653430401071541589614309365,2098187012647280976559379484632993338068568676926664553900]
[0,1,0,-46615055051824934699319066817744605,2841197833749770970755254122508160323483127463371100]
[0,1,0,-146905528537335347940544434480123778570818472145,15206892013124396995602743355719941966717098947792384035631815810457553600]
[1,0,0,-1325987071254184619193124875708458567010,798417471793923780571603906054728066456339575901227372100]
[1,0,1,-23938380757142625186132412578769408,-305601630803810576497626945680991249901865603967694]
[1,0,0,-9787812222851471841774232010444366390,15413207617286010670581630857823649728433524383709320100]
[1,0,0,-425377876033165241249056156241611769932720,106723466161352608728840289894228261543807522752144901070854400]
[1,0,0,-105655545052152165394401101837567565730660,13218568588811424938466556570008310440422613292838843710307600]
[1,0,0,-1381349373625762513686831531904414489931720,651575405687142897063169210909959373292116752441285664912014400]
[1,0,0,-10923333106094368592569146579270869124176030,11965731175581542220550751977617158070089139321353602622984584900]
[0,1,0,-13154736167751129328875003007476495602768965,18355582284682890470036795670838147359800285640848631133636010900]
[1,0,0,-51089367517798676829723895318110449185540,2879237793413416665346166984484966139389506753894735695619600]
[1,-1,1,-277050557398932185521519176618499051803887,56114800713030089465499522469688410877476458557512193760689399]

[1,-1,0,-45123702275641081919424,-1963535841750202515136116268762932]
[1,0,0,-31124678862448817636407940,66835225530144951377745363438177411600]
[1,0,0,-841913947832430618894580,295136017837598326614751155711520400]
[1,0,0,-8034015051455135062999285730,289348572973066562201234135502825455736900]
[1,0,0,-822259949983210124060751,286775782051582928617737165270930681]
[1,0,0,-51054993026763259730885310,140295994906362117844167089363816108100]
[1,-1,1,-45374649173740836605820102362,3720066318230759490581315479518302807124761]
[1,0,0,-533024166437861795831860,150145561559705338985839395548651600]
[1,0,0,-3027369717001109222247250443030,2028817184758375459182141696978493700290404900]
[1,0,0,-165622879312545076279689272890746,818377467155538128945404717298826491824235027940]
[1,0,0,-7124549942935826931044066,7319360155313501266864951695617016900]
[1,0,0,-822259949983210124060751,286775782051582928617737165270930681]
[1,0,1,-4019175690941783130628,97050922917328246600400524493006]
[1,-1,1,-82332276908073834616547402,287541668542010063173870439227562187401]
[1,0,1,-41061306153084043265108,3185903340945571830683716617085118]
[1,0,0,-1523372635414000905181910527726,723243212874903410571391010646562847229006980]
[1,0,0,-3726896606489538014807823629390,-1065145370395664163469346840915100916019739900]
[1,0,0,-54059464705737223501792212385,4787734047854039033545219031800955876871497]
[1,0,0,-699112954366367467920156400,5722163130057598068986876309705284428032]
[1,0,1,-5871521435329649314324031629344788,172993600167184429589198294960718574003359733763906]
[1,-1,1,-960030060545458886002887849322805356175498,362055559646249146707021073044994258163432080303497826046420681]
[0,1,0,-92415860650236343941767865,339812153247400733310842691312151100400]
[1,0,0,-14449832020856516030717699280,667048026760547478386730660166577486342400]
[1,0,1,-2775271711608913149065000293562148,56273815466836272280793492720347500222386983036078]
[1,-1,1,-447557589334393730351824217,3643868079922687465968426756008094647609]
[1,0,0,-3418877004771000403942399401264510,76895638096171882779790294730021122439698272834372]
[1,0,0,-492846919517842269542923229020,51349587205341386622021930561564828983536400]
[1,0,0,358804192012993775138370,38355557903006419927041938707320900]
[0,1,0,-3644556202475792269518216279468858086405,84686319731701109368750690123396573251362730371973553418100]
[1,0,0,-379182143604577428048375150248709410351240,119439444845999205909039638251442235171869686073489510859585600]
[0,1,0,-89280997598876690534935351936005,298360732693992690511174782786675112436099714100]
[0,1,0,-683296280266159149478668116716868339845,6874806981839357142636691301220260598519026095365342406100]
[1,-1,1,-45759282422993769515525690163600632,3486039421495312317742621236734755107295292724214139]
[1,0,1,-25187421680278445693,48654137710470248344196743556]
[1,0,1,-8681604817982520137993,787867843662491679357445631664056]
[1,-1,0,-24641984875424581038634209,-24571734768259940862407109555298069587]
[1,-1,1,-1885102854395997091056548,973413771881424764788534967357439431]
[1,0,0,-83818010737520230021560,9334402101835969395681636158145600]
[1,-1,1,-724963083845838467147663,237586593680168135061122941755311831]
[1,0,0,177804364014978081877274,-5522974673744579179969706095233820] 
[1,-1,1,-7155075168979273725951497,7366639344211346802891522902591893769]
[1,0,1,-42784589788168290967245543,105998799994358063694286205461334210806]

Z7
[1,0,0,-326034514850898538462143577535732108974101688866,126139807177463916084745782524191445068029238338478785879968870214064452]
[1,0,0,-3871874529581532682991685,2932443695831973034287157248711276225]
[1,0,0,-801634269837107139166772851280,315710247481803582042676623278248394848262400]
[1,0,0,17189192408099124368974280,14347563590500778387882617467320974400]
[1,0,0,-1644173544974177009215399260,29144075820496678960101949181880262179600]
[1,0,0,-239247306678234007210828097520,45246626407933026379552521501618249969926400]
[1,0,0,-11181845072095618101356644660230,14391914697117329050689039214352461501292556900]
[1,0,0,-23029452969111267963793629026710,43247274604914893171276548913972152943570776100]
[1,0,0,-19970723901492180991598876405614595610,1128216419636366078345077292747293694901309237422300864100]
[1,0,0,-36180559909936665984616479270,2653605664924418914307133525288436083708900]
[1,0,0,-2989806201437063120537582346,62923591421774788114221127970660801865252]
[1,-1,1,-81998483989093847324602383387,9039662557314583503984236650851472967245899]
[1,0,0,-12151449801116771364158721464095,16303853171210911871908176340222708651618600025]
[1,-1,1,-273298230287404986977345675193402,1763992752893124742187852765930832732626192628729]

Z8
[1,1,1,690560257169377937125059126423812540,-33492188518937203020097127431557287129957999127407035]
[1,0,0,-756828185715435657801375588494450478688880,253401847133358152315350001760510755926602193561212158650118400]
[0,1,0,-11849634571550798667743047864720,15613761915399875450490670165233536220551598068]
[1,0,0,-304241169811532712979315990,2065986446448965089594679105215890328100]
[1,0,0,-476388667785943389435012002002520620,126543502804781110382893072580356730547061880243200400]
[1,0,0,-3561865423528009610395543810,81454964632284157241813402084313871228100]
[1,0,0,-480510101420343678511903884,2444567252166483991593076470098546378640]
[1,0,0,-4271691045320482126621379967109933780,3405752246986521064914214812675778553292700806723712400]
[1,0,0,-15431325141995640971648011388750,28075861328873003447771017200972297203151562500]
[1,0,0,36206619016320507513893296274455378004840,4164017008409107952186593775986362717428213475209847776897600]
[1,0,0,-65757608422928824814414058034068422990,205242095780348539295058638592647749404597811660012388100]
[1,0,0,-19743860929325035502863459210,4096735464261663217563807627752085945979172]
[1,0,0,-3311208879480661613210248501333720,90685812410781204721505439347438829261545665934912]
[1,0,0,-14308480358642264809261681298200,20832355619626831304182830954139201872779240000]
[1,0,0,-18517021882744014923118961383526900,19572370331271742985622541294683515971125406951610000]
[1,1,1,-102395458352937356410639152133170,856158496702096425441260926362420647519951478207]
[1,0,0,-78282589422876534310543926547680,242679292548703638017812138671209901736667366400]

Z9
[1,0,0,-210121912561076041141788727170,37072777483029442821111037453964917510678212]
[1,0,0,2721419042645095050024690463410,70269004493489754502184256716133269311066066692]
[1,0,0,-178713244550246332063776938470605,28147864949458728271564240536379650884906835995025]
[1,-1,1,-41368267697099,102411668493915101147]
[1,0,0,-8474716297178877,301161814193541330007281]
[1,0,0,-266439437015692920,52937734034316909274523712]
[1,0,0,-146942284829128414437,685550722977646815589024721409]
[1,0,0,-45537718416564775527,118466673743669180600288571849]
[1,0,0,-1888354378647802297898219715,245047137264557236198562303343041637914817]
[1,0,0,-1120394540235646336605,20279431254320501002290372230577]
[1,0,0,-175119063305608654696002,28206363730630407175298748363753924]
[1,0,0,-573307517816083917344340,167075794327277663399911932573090192]
[1,0,0,-20720292010739233893383802,36302950298543685334430534235913526244]
[1,0,0,-32174355462579650355,416162791151353397699582660577]
[1,0,0,-127315383961088129848470,17485155070163945330435232719141412]
[1,0,0,12759458432333437998,14894378294123135181710531844]
[1,0,0,-1950873533612743056660,33177096191505561806432962227600]

Z10
[1,0,0,-127381738643041574974581021420318985,17495594046612039766866496413577998621609407092547225]
[1,0,0,-3913976067656937637459249967383835,80614222594310898664080091661625700445673557913297]
[1,0,0,-2494386716254257179900313435657471298255,47950428811853578302303100075736441050437846119869139884025]
[1,0,0,-186734461375182851611482374885236743900,979124235576847382684597033191041431087287234552438410000]
[1,0,0,-349960450236374537044731366104096847315,2334228106621384646411703013971250553516398106559474797217]
[1,0,0,-112990215345279616192969388342207278250,450679052475043122152258628678943621649365601242615639716]
[1,0,0,-606341743349993803027157758323354789555,5746776413116429159936198290812862370694589715823570957025]
[1,0,0,-19194775548787283845230607299614214311678,1023582059693167156639765281299410390763594972426927678761572]
[1,0,0,-6235503349706099317232119038151880529845,189419104701643513972219165960187230267385337379886707205025]
[1,0,0,-10473660140875584389345540158685974580330,404522597629437110022875275775819960239486284577507418898852]
[1,0,0,-750317650367394301235970310370497308826620,250157454864721027465417103055839870833708995946817266393040400]
[1,0,0,-1839418161391200701592417510440894309468480,960215688236954682587978137650987794043787450549032912088829952]
[1,0,0,-1137101178706193150632089206340193771499355,466728543369983412885999265867724342532601525048077866954666577]
[1,0,0,-4040631189456765959525697667769593962529755,3172404897992753976431573355142695271191051899906870074173299025]
[1,0,0,-47276498134436527849525960367886553344290290,125117091786735364804757114439441886224113329551018090356929775492]
[1,0,0,-1790884818544248483549671834829972593551295,922462585059738754152984400543095956097213785601785710185488025]
[1,0,0,-1087058217198170551357239166185336734649205,-348313390838489017000093754927310755519988091697835549933005023]
[1,0,0,-154954755728192832325573450693397812493412614805,23477626369643382523699316208284935358727835083046530063998476781660001]
[1,0,0,-1711638225368515268323064650709174068985624420,232210627709045907581719449979884580568084565196040134101664308272400]
[1,0,0,-62005296485905798761970207550045463250097454130,5789532992807304372367304652589285625132626611081197926062416086663076]
[1,0,0,-476068293055332770677811963638103223072793289890,125919348478903221572038949960367157753104905766938711419921050188845892]
[1,0,0,-102357121579914188416626387471212281192195487785,16882033617390298666180627389186843640259490565173172015051879589003225]
[1,0,0,-194244626848842496975852314384487804134488971945,37836614076244330213038852559652431783659307125520407574760926787704025]
[1,0,0,-333869948828740802854329951914653442137141829455,74193728707898625969934095384319220186640266881824137259466129698316025]
[1,0,0,-87748268296475438293863393504357096119405144407640,316582473482499514464268410652046626899764680048107778920719333992577059392]
[1,0,0,-662057554395863819655,6555937806015269208934798118025]
[1,0,0,-4281263352573652971565,107821663654697042219512111579217]
[1,0,0,-194893737997038726814052934940,33116538928063906147760473209688087642871600]
[1,0,0,-489947814397230700269047753,4173986155348349327100911472235093494297]
[1,0,0,-1065792807399105888102105,-14138522318461624729140413052612423]
[1,0,0,-184412619490429624603376436635,30449869006658311731557296945588399421430225]
[1,0,0,-1720200171313840213498718405,-3751937785045595550204425248421402406975] 
[1,0,0,-10596063090767790103,20246425576229652155786091497]
[1,0,0,-15875150677713173875,24822054816914290733556790625]
[1,0,0,-92677956255664016180,299418090541143369157794628752]
[1,0,0,-255845251297258429380,1656026164827548903395128129552]
[1,0,0,-66668901366044310944470,6625719732081856769026747158085412]
[1,0,0,-333848836163677156595,23118493712440422090809079478881]
[1,0,0,-1139407008286275015150,4292069755092734127597502522500]
[1,0,0,-2706794767207398160775,104036717500887330936430796523657]
[1,0,0,-85367971368866370224970,9600329958761086926144205117637412]
[1,0,0,-2868129375368734318380,56353767705358492933999767345552]
[1,0,0,-26807678961979361599180,1671973481886398199216900733380752]
[1,0,0,18102609072937378371095,2391315383141885864187311821586777]
[1,0,0,-1072509749585005340703485,427513459352382138507725842537962225]
[1,0,0,-883386649322495701946465,319496253706806704712837565584338121]
[1,0,0,-578032640617033128241903,168987816077776276363859737591053497]
[1,0,0,-494272503533200381660985,132893239202578155784198210732683897]
[1,0,0,-15325167875235731315350450,23091703604460609373920789898685034116]
[1,0,0,192796122563125780368450,155909350241595531287647769098776132]
[1,0,0,-7649243335383073965811655,8142795550383366515479921899421152777]
[1,0,0,-40831178941372542828065222070,3175629333206587210466338025198789238575556]
[1,0,0,-3167417955766446777616642470003,2169731181079804686115895249944813736109996897]
[1,0,0,-14160511348505020530242089048319085,648583081924884489422144357690310684311298281049297]
[1,0,0,-17872399539372964708236646896139510,919649651172241073723029335429666977203870924072100]
[1,0,0,-241674368637382436130973196439385370,45729241997248669057664305104858534991896264733452900]
[1,0,0,-11021417385938715332603261187894955,445352851144395353746731567265819211866421289871025]
[1,0,0,-38875889469082213659860930876707285,2950316463860325033045384057841591682836609405168097]
[1,0,0,-71257460691961675173754316523320370,7321390120337424024246609088090663066342591280763012]
[1,0,0,-4238819163950333612296472587853300,106220970522341035586146111878778198927882318975632]
[1,0,0,-220359657496467741418150313873591015,39814921951574944336532299033911263640999340112193225]
[1,0,0,-1829791340653224667774114991260030,30126481652601492426131833796965804347432944395076]
[1,0,0,-78495183659714260569230485446839778,5272104352807515304061804334811509687856386729800772]
[1,0,0,-2707084078782823399463620124873144405,1702941498964699709396875520306791902694958494215053025]
[1,0,0,-5207948535449509181956620222384153276635,141731197956455666679691319855852979111513623376407070170961]
[1,0,0,5293547134850809824017490,6826227600095067112732673622930895236]
[1,0,0,-39701107025795917660524150,96283534037205796520906829841806833316]

Z12
[1,0,0,-4422329901784763147754792226039053294186858800,98943710602886706347390586357680210847183616798063680624530387016000]
[1,0,0,-3531474678706925407855636725500,2548317483638211729406118411284184511350250000]
[1,-1,1,-42403753582533569425032932,106274144228004532427905140464314177031]
[1,0,0,-2749906390198370341509293334209840,55466178854972875780766488008304927128432629217600]
[1,0,0,-544753256053055692212823356675,154756127532691562955214620687209364995464257]
[1,-1,1,-30148261392223353627371003927,2014844441907862958757753840141478478229551]
[1,0,0,22560435880391339052664320,540479833226131711454100721381679986752]
[1,0,0,-158650177283083359834494480,2975550938225630369228434206177421574400]
[1,0,0,-219359669833758885305830876,1286567133009306197242813828876596893456]
[1,0,0,-9133867357763769559583815213550,5898928970001153735077443080836755542607104132]
[1,-1,1,-9215871878203448910011960927,3132784212945409487749240767092972677236551]
[1,0,0,-419501639045238763836050631283075,2842433978740985435656965438988809420534955137857]
[1,-1,1,-28985104452130882509175487233531337957,59921356539427696596164876188354027506205686554765141789]
[1,0,0,-12100574837935299530348826728260,12237572864806256968480175273606363024430659600]
[1,0,0,-2898719924159689672493727108121575,135465904775206154649829932775967333485406858566857]
[1,0,0,-338842502244755458889373539201900,2400433946203319241463771173720705835728491610000]
[1,0,0,-20150477240107808836826538345040,34815737557101743437756926816460813616604276992]
[1,0,0,-68021331721440342043360469918787419160,215696772000462640161957242587564687720033649820510137472]
[1,0,1,-13184052888052858947123730529816438,582635712328002480125681053265241197284010770898156]
[1,0,0,-274487462300394921534982610,8088165170962729493476703355273008384772]
[1,0,0,-1819834111904825898485099130,36464739063950913898627050323570640110052]
[1,0,0,-150145048140178517153801000309900,708132674328288274802558689001094787606855866000]
[1,0,0,-221258093304676096682976578348180,1260872658744531513722247229469983431998017036752]
[1,0,1,-249330946882044475428580013580758,1515347918712754017203406150167416224963014315468]
[1,0,0,-10765597468846463769989866234784015,429437215963429112259250987840325055982837272783225]
[1,0,1,-61702104237947860196526986986138,204569139954311721919470430471356240484023032156]
[1,0,0,-292332123376858729855216713444859791000,1923979295088130189073975409299432487933245589378532386432]
[1,0,0,-368311005290957023970056723656617839660,2991562337028224568521291841920383470993353523990000259472]
[1,0,0,-9090762577164435886370784189944067660,1847477618017380107957106443783943446041451396851347600]
[1,0,0,-1058306588646713747729837253600796,-13170172426202006495584011810752117863858516970224]
[1,0,0,-4371082356409721600147888899873485,111227694692608628418999682284467162597490459882897]
[1,0,1,-505211981698889389232955545175666638,386585666729481477236523047724751075048363702079574656]
[1,0,0,-4647108016146476298277842278575045,421469301005236093566733738544111617060167084070337]
[1,0,1,-914867461880639031040087262777378,36673403428876500284328254193985931160171307304756]
[1,0,0,-536789595575465409343981144743134382750,-3308857398920275841720234966526320716565319402012239563068]
[1,0,0,-12795536947987624172963879072416,17617116008605697030305540872825070114057601600]
[1,0,0,-37727535210879763033559556206491980,1315555487469516989897295205531431859305835856072400]
[1,0,0,-1206695956028807525728221574787589130,400018520601948885677238421961394551765393619793558052]
[1,0,1,242613277468856567568770964713122,2296065019486513214147768546803320753737832836756]

Z2*Z2
[1,-1,0,-1478818379630960182018543975144238479079598870400357903794,21612333371564362906227820064846376685227380006732368388851217276076518563786908263808]
[0,1,0,-126805284556646749335939083075808898286800006041,6437933136993997783664151467830511224300392764380156814845149031129959]	 
[1,0,0,-1209873315556653510389989204544209972082084,331058311839965956052748107957148273288865814054655695750098704]	 
[1,1,1,-3303894515586689289541165506478574062530571840,73094841061617585831898118162636503049865840051589473263026790881505]
[1,-1,1,-1444491707528591356856089186460491195711268950880,559921583779625421248683584939561762456224290170437461555851482041439747]
[1,1,1,-16343354562559064151871130832020659,-42639589563151841387449703830240754991749490260239]	 
[0,0,0,-315631503507622339923146392582227,2072228053755856864158196203880686412361893003346]
[1,0,0,-73574518277152391654805918684486692802992607569057295,7681347096250434784704271660546179938634013485442212852416929087393007502428025]
[1,1,0,-85410148429528838113064973147497868527637,9417959408910091992056619228397233938042315542716439821913629]
[0,-1,0,-29797021265017436449821856011551140,1979714607796490905256544266377400528772910804668100]
[0,1,0,-174258153488574589211899386409790816, 27756676145085235899292977120423523763162467559408820]
[0,1,0,-3383044565362668792508854542324233,75737263950801942103904570668638566598532431572663]
[0,-1,0,-50163588986898268948468352064401,56737927985190239949496934742877437522545251185]
[0,1,0,-7977969604102927092836990269613644680,8553536385785243169364523949398289188905449283550594100]
[0,1,0,-162112654757061144790115371548251145,23851513456705965717588828081350863606218774264994743]
[1,0,1,-440474450756994110470755811415987126,112359700106827942022431270950796422996711199577222648]
[0,1,0,-18994872123691599212568265878179540233,29136999095328082299683180266492926133473237614663660663]
[1,-1,1,-1335811801322141513540787185263873821221402,345057444917149397029867455639655112110194631892187293462221401]
[0,0,0,-1492954291326015714936165698559783658632624300,14187300659162023085271540615477301302057757142908345146303180658000]
[1,-1,1,-5848533572998633133970232243386693764441717,5439127559473435124465238874414131991661626005965758256304020109]
[0,-1,0,-1195364158708632186420472502166033,15823209428289198577068263787846917629174435793937]
[0,0,0,-34628441413316884287622589712900994886397,2050733442239504566506670506280666680039951971270942619170564]
[1,0,1,-3407057062402816202952638990971926674,1748175609133884346590293028318269585038956220718284016]
[1,-1,1,-360101972731337871925011429354496534130,2604858022061874854038998013421555177095681435785537340872]
[1,-1,0,-21252276640652798739707819217,938627524108684110053910801619511357084941]
[1,0,0,-383374717580497363154900202498080,2879389675529515659996623813736834069739008230400]
[1,1,1,-1591201661154516965640012774986533778749279758895,771461676492780226987926706152246247692465808604789192609333542667363957]
[0,1,0,-1842106434852354867035220994629886864578848864609100065,962310202756421491693012192799714743169371564622784353396174776042214776954499775]
[1,-1,1,-114844575062047817421572820160664336526651137,439650564496801698999188244677703290388031537458295488008943557649]
[0,-1,0,-144711614144426061955896779720349730467680,20220891873104152843280526596323994702395097953815787886211072]
[1,1,0,-519378513301609953424377996126755250,130980885580496751680483379131500635273640485145462500]
[0,-1,0,-97271487732431202565768131857179608,11591008694901626688530447618552758144008759595763712]
[0,1,0,-6745545034761078593267159160912413536800,213230264476722966741704395996890669153370553043532304872500]
[1,0,1,-19456264985411172949425601033985526,1038625706384719578607695459357140473466593262043448]
[1,1,0,-38571071591410009853076102166713,92080247327630793222539238086556781671613495893]

[1,-1,1,-1714604749904870754796311792512,863987846305894182849576319611944263064789411]	 
[0,1,0,-177811805092842843270403396,908565466670939591164880997140344023104]
[0,1,0,-1773535921942955477718336,892419113191216158578012716419272964]
[1,0,0,-9035181921539049674277655,10331090455438547826922930169998866152]
[0,1,0,-4606624676289246397190189696,113598678161642896194701558402619903762180] 
[0,0,0,-4292197293121987521684762003,102563406884828594588366535559935065416802]
[0,0,0,-165148751775900930482647947,769509705521956124189618772191862664714]
[0,1,0,-7154303033322414272772961396,207987888867609948871673404388414684413280] 
[0,1,0,-95579963030600848576013536,294629049317302418236572527320388001860] 
[0,0,0,-23406172222978952620352987816667,35275722165104375010694416367459957873101998426] 
[1,0,0,-1850530119008207127042731890,22943233038968028247403054507391264079475] 	
[0,0,0,-459164104850925949083307023,3721574285318517916249384572865336624978]
[0,-1,0,-19613351862529095444140500,32417180218045560823093188132585778852]
[1,1,1,-221524013053903269535173188,446695004412134084758084598242369075781]
[1,1,0,-256713612058275239239169224283,50063495182088203255489466307435135598268937]
[0,0,0,-141914560118510666842590063,649593502561127362329127391346645108338]
[1,0,1,-1201780089828535280941830929,15930373701000492601648355896832051393456]
[1,0,1,-11303247961627273626159263,14522016996201389320585192293938087138]
[0,1,0,-15458107396493793445976576,23265483073814739719758614652271227140]
[0,1,0,-51842480912718829051424450176,4369264394238409935774766530920437221081524]
[1,0,1,-27576645475830145153904,1729915126735191359803368719620106]
[0,0,0,-1847328012902153498242621563,29507539334265430770255537905996796279162]
[1,0,1,-2527427104077534556054022038,47355671625689337837748701149990440355156]
[0,1,0,-2095665816571588568797400,1124962987529349713405567597055502500]
[0,0,0,-3100863785002943696173810803,66427343005484655864100186401547159095602]
[0,0,0,-6280507251241335798861762831,186425809547577812432369910732392928652210]
[1,0,0,-2670166555674217082947943798165685,52878128871493544998260665592160035849161863056225]
[1,0,0,-5506040231557883468932766850390,4908472221374778356914283342498849265100430100]
[1,-1,1,-54006420424320643845071809947713,149350163573370676609380429389684902810993129617]
[0,1,0,-1646798478200731455951780206240,810450381726359418240260982572840154346977588]
[0,0,0,-166477435590420718988594907,822409022576847684085477323335087731594]
[1,0,1,-128138869724315629885857078,555277284945263391493519434335136232756]
[0,1,0,-67610525824594003037372633360,6765721856966365986971860849272847750385508]
[0,1,0,-125381643350820044555047895296,15369896659737727744798583569349841806575604 ]
[0,0,0,-3580337493699884709593350441412523,82126769332530027586016964349828016686393237143722] 
[1,0,0,-90484566933849488551552142531,10059776284195031930661353899532163975354720]
[0,1,0,-193936360896469946772176,29453641253718130506136229522416740]

Z2*Z4
[0,1,0,-6141005737705911671519806644217969840,5857433177348803158586285785929631477808095171159063188]
[1,0,0,-1443705842368492991301675445569878391286260,518524534126954116322153225511662398609137586525877978241619600]
[1,0,0,-160457317436491036800639760108090,-369449120458315595021673906507946532059648303900]
[1,1,1,-2245321045583713014514387556551626518613389075,40951023798706743647147655022412395573869307978556305934134697952785] 
[0,-1,0,-3600510377430985267434688529347574077140,83138379062405631329348360175446817662846629397471808788100]
[0,1,0,-23686061832482481624168232900,1401294826072670363740983663536729053022048]
[0,-1,0,-866893152450363503763740085700,61220734062068506723288644020689511073795652]
[1,0,0,-79803310703487437168280400573137070,8580075521385909204798110196185094214069266303840275]
[1,0,0,-74080202792053037257517366670840,245162596325324791545535916283786496196278857792]
[1,0,0,-23240401552546314845230555767250,39035737383640548738264240132679708432408668932]
[0,-1,0,-7985998165395787304825344219115871830992424400,236404979519788048487726074172367159784103845913664502907469980160000]
[0,-1,0,-760201942774772669314343562439497825088080,-95708989342755051877989387613747100171663599927715475233817600]
[0,-1,0,-66674910963953221381407330155283909120,209538273973188523148521241768602534888862671193290502400]
[1,0,0,-656566580528041526076907434779,204763686511453405853594537484357296391508689]
[0,-1,0,-155620906905035367584300588900,23529944481555251676876571790285671801162500]
[1,0,0,-288526127482564603081865455676550120450920,59623051117716862080826366200122667467803766340526197695822400]
[1,0,0,-7939605217634187705540375862159757546265372082473930,262687218501495524246147585277121803488992761789661749489359754558412306857252]
[1,0,0,-93016379737949678213737945088754,248176820329629460414197205085637112817583889284]
[0,-1,0,-656714316746649317774273479510020774526130225263360,6475018218706997636015243652052679904565591870426948879010401905535258556992]
[1,0,0,-26063688229376963590087835932610,50137806027135463507471054481447125468330844100]
[1,0,0,-2864261851997523184312777154989269631330629270,33127964857714555574072691338532131936542179415959379009782924708900]
[1,1,1,-1239682737774369346053097395785098403410,11149795415761842323945322718716176770048592941471370462687]
[1,1,1,-480426083867972513443731935354799475432800841130,75469536192704935204061526581527440549482746439665617973818818782952375]
[1,1,1,-43104494813773870952598590167526238603734,3444236771723137524126232072555163438633628706759427431498451]
[1,0,0,-10699238570566300322465089876084112731704600,8906264749635532407888593409743046197407929103665973862298600000]
[0,1,0,-8665851076482178429252004,9394159653904223016884439949397508576]
[1,0,0,-39466246565290947729079823487881122376900,2326640027674305327779055836964540142971116940216857824650000]

[1,1,1,-99693354254976736309048235,367381667413491416441937241575243024665]
[1,1,1,-41959740466267167794021810255839,101420623252214369655938971034713774891685508101]
[1,1,1,-1165389362066982859390020804572126935,479169098415397603082209745065693417368573098611430765]
[0,-1,0,-23915436403668100957879238210372478564,44961725066137056690704922539092621426845072010929824004]
[0,-1,0,-66316100370037243788808101431860,207787397329581777063539110158423853553882263492]
[1,0,0,-4352472636817242527981668893860,3202806006191278796231716596650711645198790975]
[0,1,0,-1974182441851753491140042260957041544,1067650302694924098203516167151188617468357911014102916]
[1,0,0,-7059202548408453936348405003649460,-205544995440715384038467753747276578744945665206400]
[1,0,0,-3236364326867793561860795581563976590,2240038946953594158835601178135288379947620927515076100]
[1,0,0,-552333041381848469546578260185903690,105246264670604440637332918974955977886070209631543475]
[1,1,1,-223647057021425547430678972007035,1273106313114343201368902765863085728849052445440]
[0,1,0,-4123297792196061474931925360,83669201239698270468036960902365235322900]
[0,1,0,-609255875083793261019303912808600,5769420440641556969899813369432728161558284302500]
[1,1,1,-8007418165950294717261920,-870716437481702091977368984017213055]
[0,1,0,-2386801266816420981220,44845424005663002738546614573600]
[0,1,0,-5334348061487201120280,149721135899592401852463095048100]
[0,-1,0,-84385099279492765124,262973362131816463305769975044] 
[0,1,0,-75345731906887386383040,7956141361808560862806122648470388] 
[0,-1,0,-1621105850715834564900,4979606331160862237085144928452] 
[1,0,0,-1412825737585924163044,15284155642547476371073178165264]
[1,1,1,-20174541800058615341705,856471220529843128844656290913975]
[0,-1,0,-168258761005814873925308660,630726626828906815917748614617850058692]
[1,1,1,-26114391257594216192350319,39441729062095446183464976447530972981]
[1,0,0,-890502303468937724149130,251976732409553090006157393210660900]
[1,0,0,-1009893481532852485509490,307126098316462880729754569042548100]
[1,0,0,-8417650709198283033894,273611860820485052415499040073444]
[0,1,0,-5881112817909257676180,172368599382146998973856168201600]
[1,0,0,-9779547590023543199800,348929743858830658241338918280000]
[0,-1,0,-2791493234428682804020,-8540150483506656022970369599100]
[0,-1,0,-119517739302760276059242340,493654844362203070424193925118382524100]
[1,0,0,-7615466123341469335310,188640502062497898331796594948100]
[0,-1,0,-2752408299758620522098980,-1611469491300450666662632159356431100]
[1,1,1,-457072288368656979319090,117898635812323031230705122524518847]
[0,-1,0,-601167709096816182426749700,5660909342729347649383846361635078811652]
[1,0,0,-4970973276415392436529590,4261112314439353076826126873509416100]
[0,-1,0,-41967143645254581562603277540,2499923757202652047177517799000949313532612]
[1,1,1,-24755262175855280781923864788015,37265034103619296083235936013507719601892332405]
[1,1,1,-277997148495295110798222064776730,1363430168994747642708704333200845201234817963175]
[0,-1,0,-2599204480065528608632618826260,1318051470724882702726660094314375188894780100]
[0,-1,0,-18185256818907344021519822340,867781677190111136236716183849682108124100]
[1,1,1,-2714685581949176342441469535,54440460625181460179771190482209079698565]
[0,1,0,-265134190444488812450005666073620,1374889946621052563466183441951718633784728817600]
[1,1,1,-1666737234575129261770056486330225,20858552697655280228623937828451081716750394990735]
[0,-1,0,-343633641057979504,36692720733182921224013824]
[0,-1,0,-4664630695650596406400,122611657721145018740841654400000]
[0,1,0,-11275024414184475994040,460709013467704417216360284483300]
[0,-1,0,-331999964186328512900,2327612294831641365690701258052]
[0,1,0,-2013664127615449300,-649446586170797281317775552]
[1,0,0,-645065532532048725,182854916195163425393625000]
[1,0,0,-13050070927054823465,16542549296816918233072779225]

Z2*Z6
[1,0,0,-37680956700999226080263982005713090640,-36992898397926078743894505902555362159162611772488902400]      
[1,0,1,-5012222351518888614250804048874855041913,136464417579052941096027626504118630642626009794008307407656]
[1,-1,1,-106400353230449963598965706612473537209115813,422128950019755721902266808708794939178991483786699178861367557981]
[1,-1,1,-11595592774044457871284428924350937512443357522730417,480542453538711190965783397398215616559186760599243038811874075581447924343009]

[1,0,0,-990429690240960203866170,343844266388187332499781887080604900]     
[1,0,0,-2353799432200918732090882185,39989567111692230080439457690563434811225]
[1,0,0,-59964332656283235183736182568175070,5262192586204697880378286484023061659919913201000900]
[1,0,0,-3150412655044310138959718911736,2017307529136250088009457662898185285042999360]
[1,0,0,-1574953367944818401647093988620060,22354378546192575469417478920309874871779369315600]
[1,0,0,-14381792753033634870375842403810854602660,662806499738374270959359777990475800630625702118528528547600]
[1,0,0,-131004709010049976906075974805380776438618525256030,532804231132851068847796904272978574164851588764408546154301817681097384900]
[1,0,0,-83451301835836505339622094504595112570,293100037604964283613171289154269227976286656300109500900]
[1,-1,0,-1013844706869085241884030494287504370,383312079581955140879990492812070932757128820095066500]
[1,0,0,-9327366518423676643700621544483761,346725314827357591512921699486961685298392990114985]
[1,0,0,-141033921768261303722896459969632383196,642982736099115694423636613434152191277519936678545325840]
[1,0,0,-119375272592212606342695780292063782980,486730768842864202768007431828034011912604553878407184400]
[1,0,0,-376654149758617929440196007339872300,88973290232367064730638426983006536029213915195290000]
[1,0,0,-12384379556305685688479674960590,-2940026837163614801093525753452171000804443900]
[1,-1,0,-465940285636697633201648611060890324,122417499952052899686605546724393820791691045238548368]
[1,0,0,-881063736059316881644156022557131,10065931953809263718033274148403504846943847748145]
[1,0,0,-2782943443885745159100949025619723531275020246,55855240810754614011637810490868813280940664269627083967668818447140]

Z2*Z8
[1,0,0,-15745932530829089880,24028219957095969426339278400]
[1,0,0,-2564530435455464744050430,-774033544664307864229665861908231100]
[1,0,0,-18262097056293794050462967800,947221615382521776843113311413294620840000]
[1,0,0,-1501011456398147086648544266758850,22251270940723503314374317274872523646621572635332]
[1,0,0,-590353702194591280765010561772238260,174588372339329184400865798305984325852297773091859600]
[1,0,0,-30507963373084413759489146596105237240,64489450113318178611265574148979256340153096329702465600]
[1,0,0,-21015960530302473341210266357147569830,17566852216331096945097199161461136733028723845196826852]
[1,0,0,-15343063417941874422081256126489574987160,486503741336910955243717595559583892156442731284430865537600]
[1,0,0,-59654254810332161499933732539083310,936036113034275895945648528397370958419427728893572]
[1,0,0,-153010567793393992556815434658906721140,728501166933268696802867483882463385720151113375539573392]
[1,0,0,-4527869148423161203017834259729075232020,109150076525339545219757428860519443874479508277436337856400]
[1,0,0,-3207498288387657621672732005424372705920328770,68304282772313573439179636385556451355850337924379829175788684488900]
[1,0,0,-16188503722614063108729139735755154904562292360,786863421808206463969913495490892469346874709447053592901366525761600]
[1,0,0,-250878395393474545316759183209311840250,1479979592022167493224960512910755689574299477808903560932]
[1,0,0,-97786754135136291205325201456018300,6192618544071258703787593919472934977414964438890000]
[1,0,0,-1621197495376612287530904105233724120,792688598791865073857094426358748343551798168746190400]
[1,0,0,-7508232300031068945507236861692000278143017800,98536599045907325394109218811543289797912305023169446880249900840000]
[1,0,0,-87306660786172655975387678466748290400,217110378089173582243961228486559615973771263335020160000]
[1,0,0,-28496542442921974135365803597630606183560,930028463295087397876426818791882627215096824737621502785600]
[1,0,0,-1020063221452742528711237053898259919109330,394868843305477898697900385068741989177100444077780447528592900]
[1,0,0,-2008408366171799322006725680352504756640960,1088347028183149020228866231691755600541724741509337773822873600]
[1,0,0,-151659336416513610120941619754231911069120,22664749439132439148133088299158455435686131311858534821990400]
[1,0,0,-9978082456644606532120457534482336270,12118558737989607267350601135758073759160572299571620612]
[1,0,0,-1365976977965875684692597442214807543360,18275400146363694880998794973679939881728339383321437081600]
[1,0,0,-8891010899996290917768386447341722080650,321386381817072190725452682772958817656542992462808507422500]
[1,0,0,-226080057256506952334475656854112608140907120,1267994298469520992966682807972243164162876870777885816396482310400]
[1,0,0,-19561489879503521317374605750139081505164135760,1053053816008115892520186610673109502267446427439678234588062250809600]
[1,0,0,-18247941180734920258951141060855042640,30003290659312870154250577706243953923873222960556857600]




















