log(Nc)

Z1
325.90449453640541386
287.01285903012496589
247.85992586658363498
229.18603983565067331
219.92658636982627985

Z2
216.78969028387416624
192.84686142469172755
193.18600730306902115
189.75686137042524764
149.79789883567914240
161.56868069648985969
151.24435852071874360
139.09543502117451950
155.82286474650574061
169.58405926662569658
173.10151186284736930
142.12807831605697011
141.33729589136893198
188.33259972674574643
173.20909057160553015
167.88397926725224564
145.48085062370494673
158.45979582330482869
188.63742987145174806

147.23243628853722428
141.32030521227326545
164.38998259934397071
160.12052350358567295
101.02583455397990299
152.79151454437689047
138.71648516406282314
182.79555640531131519
149.59337204987140028
124.43594394408380080
149.78856310494120869
140.00420618494250995
117.05792857384107351
134.48088152138492522
127.35385029994083208
182.82544922068601616
133.22287295511065490
161.41536662400305465
120.60945851298975688
120.86742971248542090
119.23980190880971558
151.86674952055555542

133.05830933812711540
111.34998651479323026
109.32328470145774615
102.13069503304323517
132.51557826431307947
135.40861401404152501
181.75649066510032655
185.82173703557550063
115.60061370140776651
151.41950281074081714
109.58634601709950876
117.56098427249383585
147.85003540388638911
131.42186318977282914
125.49106046487101168
145.19277059203107684
100.40222732526026564
111.89865748844512651
118.63443186079764362
108.68740155722932704
107.22853381191501069

Z3
145.15903691312007829
132.31037504854681922
112.22176695399976102
127.97144904588266331
121.39701446325177105
129.33859038454210284
127.37292241662203738
126.08908687852315974
101.42298211593738037
103.14349549725680297
131.37538454061129372
119.90272259717350509
125.04186379497931996
125.44466829965707920
115.54541370349501626
121.10182872025235436
111.82252556341901968
123.59387242801147385
123.70800456487631215
128.31867758498399036
129.37002879685262161
128.54817794540003236
128.09116954170300327
124.76164153878452593
129.99532254118780307
128.97535046400220494
129.53082153944701061
129.61863564174970202
129.51013639575652925
128.57873707826398771
129.87719724391157225
137.20385327085328115
130.01701295194356277
137.09795262327587021
127.26418015855875385
128.44934131457624582
137.20385327085328115
118.99454664858251803
94.312871354009844450
104.72371305544322890
82.213453145989526785
78.229032384636848377
69.169659212900121531
93.482540856851039450 
43.607824931413656565
56.433349967049661785
77.048993892829750963
59.599273760684632893
59.445699932018813676
62.880792582410439602

Z4
145.94211049121879666
145.51028026003756709
154.68309666249305056
107.05106872844947459
115.96035548207172026
96.046567204000466951
107.05033159682839456
91.339831943038560717
99.413766367501915446
111.36978504099115030
113.32691954626877704
139.11190425570792704
102.16250753676665907
128.54010046004544242
126.98799866525895049
112.19187115152483103
96.387259296580661126
99.291400831748226713
98.249702527346749210
105.34922112521529938
126.40425314380500113
116.31369499593621982
97.822661908786807378
97.381766033826881548

70.631617544073348871
80.966561511902214234
92.819681610930984776
101.42988646061999747
97.509385370667409720
92.165761001577787813
95.575935306627807730
87.352736388570519811
93.555597345974743184
89.492362969965350320
96.407031175374606194
93.575684050031503817
103.51254102991432820
108.04458665521671240

83.235597102249497647
102.20113332933862552
92.255107770767874469
93.514420939399258444
66.841833997535618393
66.870932539941641556
72.309537046726421830
84.889239193851766939
87.492781141923063515
81.550508224403440752

Z5
76.480075818667818633
63.444603441637383976
79.747953907498808732
61.324335375069489693
69.155691148856680971
84.597707616874609062
97.464424477320083163
59.513185096903339820
59.691648117494007296
72.516493014414166887
67.698897733098546372
71.575930112406816332

64.132324004490085195
65.969276365037787090
75.797133501945436264
50.718368586782375661
59.489032661042312349
49.930432765206312347
59.466180734987711723
60.221133553314885299
61.747585691202616965
64.117783558661204437
55.880768582525294180
62.798244327144468214
65.070173128400308383
52.742914008723617057
59.851098078382927272
42.005693883402856531 
60.218379558833400196
68.685694645116792270
72.661333763717786016
72.686019875992749759

Z6
69.835529889491466231
89.637132020403640911
73.202905790118348452
81.135550824774580975
68.173243386847352285
80.103063409266109089
90.681187934173571874
101.95507050497843909
102.12876367473086551
100.46258460425571529
95.624059787906277417
81.383397637583446696
93.939510792627225743
108.94876289869982080
74.102258701309404747
79.453710439627169226
94.820569545003714174
87.246890489637341745
84.838597743085529804
84.305374139583374488
82.034637866434380244
83.957781330715549277
107.59867212494775443
83.175285543925864311
77.322634400565125573
83.597882799074977826
69.507748186354827193
80.041030914414597774
72.530791017397676017
62.449067525273604090
75.848436752458637487
70.162358807876477368
93.045893668957514306
84.231238285631381544
86.182998318744253400
96.464280390934535156
89.841807764937865684
90.318101649634268635
96.012429156503156156
97.184261756254023972
91.479796258657781573
84.678196131976704099
91.200132210794547462
101.38959288344678069
107.28180820241668917
94.536000589979617985
114.10775467235675751
95.758620661615613793
56.807224118671583594
105.26988870684436590
82.308860346136814142
65.560960966443008350
80.385818911771789673
64.599639937019719050
77.159708094612191480
74.710620316517752872
78.409076256348511896
83.615640916606232155
91.306847655431355518
82.486542714803468944
65.525399756795989627
69.766380233696231021
83.167248630277691959
94.608090435942300342
100.33876335242066128
92.469881300945261548
62.487340667824536380
65.875329475175605228
78.863604815027313276
73.724611442926101528
85.683889291866388961
95.937927350881049705
72.662923984673864032
111.77704091206816903
69.653251154407678857
87.365325917198777521
77.861688565230457289
112.87756362475400037
88.164534987922801017
78.373437342888471817
78.949810389119201135
88.291180123711530579
90.119375218127048644
93.422560984135845750
90.750319145295126235
99.795778103266637829
90.948552752017094567
83.804177401397437259
99.774637896642265884
97.106560485133932186
87.891295432249671668
95.824756388797217220
76.670347021098715474
96.748925667200209766
87.150890537605479830
71.662368523461181897
80.960242706308426509
96.789726966896312229
77.939095791902723956
78.323850023026229815
85.800353523890231999
78.731903445445514738
105.99279404300633529
97.340874988530291256
126.67898302414498817
117.61138173894201796
113.55640319690365196
103.22574201907073102
123.05273157928157910
117.58601791745989566
92.610033780651384843
78.814452278993006261
77.479385370436286556
90.117095440978154024
93.359636282892325707
70.200873539258326091
72.637016986981548937
72.295287687884079689
86.333678007196735000
77.497992227923216283
81.133786947431943368
101.19622012933385865
85.676186916202334602

54.364916133952220273
52.523005686158184766
53.641496372531085017
65.596289455375604619
53.182813060246518753
55.429113672628938394
59.394520561312912055
49.810673162887061835
64.891381941547106408
64.524955050555548608
69.930707267629984544
55.532137563855491121
53.182813060246518753
48.110836082714202316
55.880212070975186662
54.124173639575333847
60.254253421474738648
70.519747368565546256
62.394733149127838569
73.799112521377713907
87.143409790451254181
61.877441658788289631
60.188122130589296482
75.748062519589771179
58.866281610704792778
71.114247672887199676
67.910821930260870874
52.683436695158020460
87.532309841220709883
92.075229467276332826
74.521265516488687603
88.489652540922518389
76.959252787579349987

45.335307723851599989
42.667613258588110313
54.000701054751562245
55.840249089616208980
48.716016131573062888
49.655356974856768953
47.379019524754753376
52.232302481318322943
47.648267746072554709
61.277839924599629782

Z7
81.324950130161263116
40.434879759813660628
51.391470962358922817
42.582165797094099589
47.144626919496879512
45.036538979834844960
51.564883358206473828
52.982541854182549567
67.020475061615665071
48.235102498152381434
43.234159842580522381
49.569355552479873470
51.272508997412192481
56.195880828437890074
58.235289127363772727
58.118456351196364231
57.752737183710577874
56.658328291899340027
58.608267787675975690
64.527064766399531664
76.598306062736651636
63.738779515956521604
67.566598126604629212
72.073981385874051770
68.459947741236456404
67.698679964956934110
76.009139760968608291
62.540250338794494137
60.248667150716617167
69.084977464728231677
74.425319456976693704
70.620745800164392118

Z8
60.463979161695296480
70.507965426494945650
70.633314837914752725
63.483748264757489739

53.946091512642449176
42.829187664446862017
58.844213222897883353
47.597060675063246974
46.061195923634115750
58.470211560355970328
54.668045786357663603
69.915162805370360824
61.924815648847365799
49.770251090157391393
57.347421598681559772
47.288165255274079819
58.688962561016622536
55.877957523123561724
55.691475957535968355
69.684300035070831619
46.579132000089783264
52.580867658427580972
53.031079173535313924
61.117279618828938415
58.023731317535826897
62.168606859070567028
73.730208907053892417
54.644160533526255333
87.771022859010646070
93.742594842336383854
93.736696678073139362
67.395345729118811039
69.473202547286735676
55.074704429852681951
48.266984395582876982
59.997132641615358415
55.441238947561751732
64.944835738096009059
65.079181317968114334
54.867166790878638516
63.188840004856732344
58.713751093145585347
61.665187812628850497
61.285151326292358711
72.379719095772356868
65.141362134037381538
70.228245547666742970
79.762574140871785638
63.122843341225898732
47.104291978781358631
54.437776684003139444
57.031133668061222668
80.388574131683325643
63.038886840315288080
66.446985338192948494
63.731658969090506216
65.719221665242078794
59.414654226212894884
68.146585935346558719
74.496603956314978774
49.068169124569006908
72.404936738155822757
54.114440273531697089
54.088667303548461932
54.005338704851619363
53.301576668651657823
58.367474001939565458
60.293015673844274287

Z9
37.333173311921056555
48.280665307861397867
51.699001484214698298
47.102948372562788818
54.589764707527315230
58.496766655381924327

21.317599155670276737
24.891960291907089132
22.720148937584997333
29.503816089448445630
30.533563852132685964
44.187424798195248115
32.803579617494351609
32.720021784464015829
33.193612808082129913
37.144392826001902620
32.847974187131785312
34.561720912132968397
29.963627980334458589
33.922874541914596673
33.394069523354975005
34.715106215272923007
30.686965927853570340
31.399769754011730660
31.858768904354894252
36.873538858824466587
34.517472395570789756
38.354360698455241306
34.589222111009352715
38.207858599209380447
40.719133146152701908
42.718823105217299744
41.587200831813994597
39.471909656975597526
53.798867470964515518
37.835050904508829860
35.946835448570414768
34.857692312917155144
35.948349371885118269
38.688543942714159829
36.000651217288869117
40.385016831656051174
37.228464561442774968
33.946843469752106772
41.658645392538596496
39.464225247012971522
37.852872296179895105
37.836736127955278467
38.895011061944007420
32.728834615585443784
36.785989975180677255
38.662076276714580960
41.385806404847525820
40.233050723000053272
41.807497145160452219
39.703576275854199109
39.129580415902361027
40.191758537585482431
35.193220903084385261
39.593978525361034867
41.854001504907103938
39.753030385262958583
39.746490646116437113
40.002429997208559231
44.929264302191165756
42.467592187987243029
43.896226109087707132
41.878870524662419050
41.917368198834307913
41.444705615069655573
47.438643917008829255
49.216914537144102228
46.514528173272440782
49.263660416060310926
44.520991580390031626

Z10
53.688831115131858062
50.238403456089102536
58.128188136842074148
54.951583634970830802
58.877956130102529806
57.100142390208728016
53.478328579045282777
60.862915456400611845
60.760748173755796766
60.133969838450420317
58.892412888391661209
60.553515723661933223
60.704250023692735321
61.476363671824944908
65.818552518276088770
64.506221406292400678
60.242935551349979465
68.807559776608521951
70.675839861429517060
71.414626419339457841
71.252536164712562989
70.587938059753709769
71.798451414987260223
70.172146103499753223
75.220520352325253448
28.765298912770234858
28.700655685835501907
41.688007103781489124
40.408356086651025268
36.866353398297414206
45.179118522841170653
42.322748210912337787
30.730034889451911388
28.875588789869270611
32.317768234324397211
31.919161549258780860
33.628239113116868482
32.199937416654592468
33.839548109064174787
33.182049639078213481
31.166209464035373647
31.035194666027542764
31.421649956848350981
36.497089731075661812
37.123523063115972489
36.877004915626226925
37.823181836086319702
33.875403999586802355
33.355649095724175109
38.390862106279646987
35.893658945032481609
39.524396597084970557
47.072629399004762217
49.965452556492259290
41.998285704638731343
52.145965738397695262
45.781676797730963178
46.515213625093998647
50.374926961145446863
45.705705355941580744
52.107911607275107773
45.972617804071269851
53.574713506171620615
53.515703012067587806
59.557301554878782968
35.123353478922049506
37.275740963397877737
36.042015747426696659
38.465075699743131655
37.924300838146415308
40.403368570052132698
38.900637423660645602
41.141663223404088769
42.107445691947866647
36.509948065780287944
43.621391160467940883
38.415486827716842498
41.468361675366916874
40.037199667525541022
43.872598071232084732
39.851637842910344291
41.630298820089421419
36.131911503567172127
48.524543150982143173
39.803256757286255630
34.533931543422260437
38.744915388982115812
37.007491036538595422
37.716651329835445084
40.292286813034006363
36.600146665075379324
38.869132227066625598
39.136865117560718356
35.368490246589837546
42.390882410802853626
40.452163092340537694
41.312886123749821239
45.437274343309501066
45.489400072815306698
45.597503688915737310
43.935037946058714910
43.029943598878282715
45.240560311435182796
44.535829605038555303
45.780647962601630023
41.930319136290795913
42.940171210329747498
44.426523616425108586
43.950646737337610793
45.135539880792326850
45.565248246554347600
42.466763032686171491
44.808181752703860289
44.544826208601547512
40.266047861105685874
43.504076558399772644
42.655161785549070319
43.779762893603851778
49.494540521658543218
45.019745030838106526
43.220233852796737062
36.674538924137462686
41.403719085682488637
42.722371780793776620
43.055023423187172113
44.794278093581511364
45.205299149329851045
46.241936346803123197
46.820490019520165264
47.021589278573891780
47.456001378085555032
51.311955464570010137
53.121211817143557024
56.609673035009672808
33.841924066326586711
38.633222273805164053
39.250804276938115460
40.458870025708953715
41.418057419417405112
42.623656870639482577
42.892150443103688841
43.557089312567776274
43.846287346928947930
43.881700371188723247
44.338317578983018744
44.367525659562545656
44.470410177217387330
45.426843617954459618
46.012789513381724878
47.805666357870313588
48.149728096257020508
48.267626111742211402
48.648007003131014767
50.422364746922131668
50.740986099611530399
50.760702926376449583
51.956271739090405750
52.611022659248620913
53.173349732389299995
56.151154988523834952
57.339485238841112200
59.158906619988603845

Z12
61.143163117799942210
44.078856440133725374
36.392629712304003799
47.719106517330496935
42.202414170992752088
37.954213157260402860
36.873216868208939457
37.595475731809488365
38.262630361223013825
41.940948383031713823
39.144777493589062070
44.882274220180317211
52.732737336956413311
39.071953674374939189
50.601978170970796360
46.687953923393676430
36.801398970174095534
54.791798400482026665
50.740612355453648593
49.251708584868570786
40.085860166700847622
38.430469878936100962
43.865952897503104190
42.428758836307916469
44.580715358722771634
47.378064467506975452
41.367415401246057436
55.089698124356617794
49.861137575580208171
52.991102478355328469
38.713275415355223181
46.448343884196644680
47.907068461987828656
48.872650973855781086
47.626590531992161385
55.909668439748502391
42.269025162688056501
49.264234048470827143
51.006265628066706742
44.886214531268015027
49.871724622655036575
56.965592994903048775
51.335935838572246656
56.756250850173584374
52.341324411480733807
53.594710443085828225
55.797496574266699799
50.218468141779819498
56.598627237681322698
60.616961532144808901
58.085200188970195512
54.482649730283056175
53.138653626179552393
51.942670569489530855
54.582313097599094941
57.598217338268046068
54.907119557588529938
56.618343048029092686
60.026363720786643021
58.393854056372608185
62.680617886686168573
59.900877588876244320
60.956678001572582553
59.911369428100509348
48.737713348643814671
52.541369683346677674
47.758224226188286263
52.897793399797878768
56.578389392164366690
47.976112503598089830
51.183634744303707464
51.076153894990744345
55.613893110540947107
61.168968548669788761
62.024094199717970479
60.958959149023352213
60.221816755646261395
62.197517531959555311
62.071369225632309088
66.942334116082391466
66.912936639271145821
69.476583253090112918
62.021144780939286674
57.334214761051557987
56.823946546124216989
66.222647537457658049
59.188753015726499403
66.646191725276565783
61.459986622893683187
63.847017938868604629
66.425947790694435566
59.636360515871973234
58.181371462756210396
63.975741340245980075
65.023393731843471878

Z2*Z2
183.52641084254963869
158.15309262468242017
145.94211049121879666
145.51028026003756709
154.68309666249305056
107.05106872844947459
115.96035548207172026
134.37625877472117821
96.046567204000466951
105.91450862106877420
138.10593884509008687
113.00418819992470962
91.339831943038560717
101.67845337955640126
88.229982278394146386
91.801850210730557706
97.085169090821237968
89.725579686972001584
90.509498292658652592
101.32248770612185884
122.54359351787595448
125.24482943129563603
125.20910726990471439
96.846055292987773276
129.16230896967803393
115.90099912065534470
119.94793219125983484
94.935828416545292779
92.700166610760260186
124.54426480768593579
158.08862835922639202
127.61638406847796838
109.03777061901588368
115.13901669590863457
113.71370371721999688
102.26712605078314533
100.95792831193539746
91.605725910793300540

80.828579885238847264
83.208903401030302033
75.531675511336087325
78.520537105350984383
87.874005634774727687
93.487843710665408698
87.041129301370618852
92.651158621951409857
81.615053014716878451
103.19608016509447515
92.039406030160451554
87.024629201356628520
76.282023122045973750
70.631617544073348871
96.898382984473077988
86.677894316409996549
91.244393328352924363
76.162302227041712913
83.080575762340739069
92.892560214370058966
72.693070746273485142
90.551989662565624136
86.173124991657005355
86.061110896718409111
76.710626530479532164
92.632974402427941473
109.44990180384362134
92.663786973085941435
100.38549000622517579
94.134455873938377075
81.389721132289596911
85.334447680844325743
89.973910807912962467
95.604994985816986549
104.14933913380989686
95.206558313112932018
70.616089488616280949

Z2*Z4
79.142960502139534963
87.088517280030844073
73.164898869738038763
96.180051451457309740
85.394940468187420414
62.290518763343047948
69.612261601985437736
75.653325598321614736
68.869347262341146120
65.500036671938091447
100.75019984454010665
89.501919485485755631
83.175084845312193587
62.421955284213544047
66.921751827706908589
88.489518466753616172
114.41878766604554333
70.773161884016041891
111.52680286132229068
69.658383621703408839
97.382343388719699536
88.993932734795872211
108.09762346495322858
89.948424289788473502
91.124475805683695805
55.735361838860927837
90.244902350385076990
104.93763965890472184
95.778613672497338024
110.39392670973637919
77.713035822355738108
98.868438704155830469
66.356184666014478033
91.908277240890608597

58.438400050185717791
70.834769904601376514
78.866798555715242690
86.562626030776998856
69.914034555046244633
69.854530709806662657
79.642392036795948240
75.944685752380846198
81.811512856821798040
79.144138035191238276
71.914767903698269904
61.145938229808266588
69.273672916309176287
54.660723027694872303
48.524500015117084414
46.091250372147692661
47.457513424688273461
48.030249443510674028
46.606396819220790242
49.717816237570639417
48.802118440001320353
60.487325216611120623
56.890384330785252534
53.252609445449946700
51.986644364441007190
50.185715115956887848
51.055831933779742138
51.382491120435127330
49.452284146963759152
61.205490025825602616
49.616692075893276631
56.898933217376075258
51.995021519114519208
59.085911962683763123
53.605712136304581605
67.612975399789822269
73.278159888861310234
68.127787630556047679
71.690359649480352775
66.566182755080308078
60.455868375050913136
76.305064448495974966
75.533470592266920151
40.780993859941723941
45.382223811378064360
49.063766851992814133
47.427880023118924139
41.332613620045786067
41.411500329677645698
43.045478750105277600

Z2*Z6
59.953793906917975796
63.202319951749060710
68.273879243546172089
82.570070263852208016

39.472905352539868212
48.477415797285296991
59.448542298762798243
52.047971397844608892
56.028533110408417617
66.834525176412176435
85.949922659459764839
63.794524178010642860
60.347973485839570322
56.682654925165867788
65.235485813819137337
63.259124505634228428
56.927053409680808528
52.248754496842223608
52.052520409983260722
54.574447413980831894
77.645302840928119551
47.398795307139120197
58.474682934807925440
60.456587059992077705
54.464904458936308597
54.586521978733290793
66.342170705087807787
44.408741225986867449
48.279392343830251451
46.539779225861966084
50.836669352334728139
63.201023675116968999
54.728795974203841147
56.100551391340191420
55.902163651440184088
60.162383867128369745
55.459250702436621121
59.637048715435728945
57.348125171642324185
64.707128424748391878
59.233964045937150224
59.558243992920089256
78.915633746819644698
62.220989727329816254
64.409767788599697791
75.422891879720522753
76.711290088378894084
75.700163744165972522
52.139986479382805891
56.915760826163540710
49.963925465391216538
55.852636864894890056
54.928709858421405827
61.353473099633112230
64.497245835423946037
66.423180221433138365
65.969177189845833734
64.966379101001336497
61.639488287721593018
76.850743180108435552
75.077534374806980788
63.856412546388292118
68.125836384052498266
81.787155576040173520
70.415092715057122010
65.810485779082032702
61.324365080460646655
55.406702641843848635
68.241769682594203386
71.681376974664897943
69.515595096987347659
73.613755828392695788
86.134938584875149524
83.947774755631855224
77.409654838932991455
78.353820921236959890
79.749591348025495531
49.682528584767836204
48.320804782105039677
54.001101490705321663

Z2*Z8
27.559956317407434680
32.519809599930489933
40.725747654797591560
48.563414052274941652
48.802247814193505750
51.987261522733558010
54.668148133214384460
58.144256715652150643
48.185907116301562233
53.425786814519378333
57.378160753829262230
65.324276166436511372
66.647760975360198446
53.174905656534021787
47.232393395403717132
51.450910307379738807
59.469730362376671205
52.616146313544890314
56.699214746472919844
61.242290683373889447
59.627860164876162417
57.532551109879561776
53.894420239640060728
55.235520678939245173
52.101721243667788568
64.092751122207420054
61.956375206412117386
51.062411706054855235
66.668007320467807806
60.408095412445851730
61.537727181623442146
66.736280257088468896
63.891580533496501082
50.919990647808531573