log(|DD|)

Z1
381.20239890799425474
344.15777563180593960
308.21644011906951783
290.62533098019413988
262.35455114333588293

Z2
393.11903197038544168
335.24632953232646610
330.64454255265953045
341.53239620071597539
295.60246112138136159
291.12091303173194360
286.78910734293128611
245.71846920358833343
292.07778396980667722
284.80882495745222913
282.07667682596750064
234.90113419071603847
251.07951127150683829
334.19669562057401941
310.12284659196513921
296.12861184065869498
264.10770093704749186
276.76759205842645595
324.85612162566127597

270.88022978282173150
261.02173135746698924
301.10772012166747569
277.94442288447885478
178.60634078479353516
262.91286067237798111
237.09872686926845403
303.95729592605581801
275.24634871284015910
238.11170089664496131
245.85403149472700771
252.83989388110215576
204.67801811385125760
228.87839351924073145
236.95191884918877420
325.72847223836990969
251.38097715542691312
278.88246587587672395
211.62948942638496814
229.95196516552842480
242.67811636665647809
258.68028818912694419

208.99322024869260226
198.31555026646546082
189.31011284861848744
195.89391357758219559
236.40697446868607749
227.54238893428890750
308.73255342698334859
309.05526833505936538
197.01214889592069774
229.38537031127563682
182.86088422579355780
201.09298308045105569
243.21496544330490800
232.57388653895766824
209.38831309894140165
238.88620880013324619
171.92770062415249443
201.77746563212342709
208.17051289428425705
215.62276574306079008
197.02273251657212345

Z3
331.52825986182255405
306.98949342511525446
256.26529115794968412
269.23955407247180386
260.65834002178183531
276.75499083088360601
266.23756445133573898
274.87039170014717692
242.91659392323219401
230.18744735921998073
268.50985588991664330
259.50100919996353000
260.15151402803720503
269.63546096621946510
242.95476873313278416
249.60161395203773189
236.33103470667147575
273.86469429810393656
270.79896408426514451
274.08820426412939704
277.16343788946371280
270.96630863032695854
270.39332571132923073
270.78793055122634619
276.57953393033612490
274.68931801493346020
275.45832504122967801
275.94608469760161025
275.43763989753919666
274.60257410837988761
276.20464629976348048
291.68637721451662829
275.98529085384531125
291.53362687449962259
268.30775058140573217
274.64934643659325584
291.68637721451662829
234.69325643116070699
189.31847731042599417
205.51984962834357157
161.13106942597472450
153.16222790326936768
137.24070613713213337
223.34426626999775263
83.606141079062848902
133.48243035271628090
159.09158415215702033
115.90271065536493671
126.42776380244213854

Z4
384.60749383599232527
374.59027934837263773
391.17974528418484606
286.66451468990517192
307.64190696743778121
234.34657977843394292
269.91179109029955190
240.66847785343850488
260.08690923380494803
299.29352625095687151
179.11839662055310585
197.90393303791711954
231.94799755335049153
251.56443655913892209
245.82862321875547928
228.71466503053212538
247.26373643843110618
227.48318776811494401
240.13913927026130727
219.80068923726344509
236.18427933087966622
233.47174408951625186
260.14337544824285474
273.61327312507568074

200.05491826222152468
263.68188535996087988
247.97542711514215959
227.94337011031735281
165.70536148602232086
176.32302802698293657
178.26987167927870193
222.52110215410452161
237.61395034923856824
205.70011195154989837

Z5
238.13955683773810973
188.12202270002549564
245.39580260587136853
185.04848527089532390
208.20834853591662022
255.74021239696380655
311.50486284619657011
181.47272903407507988
176.59005571530806856
219.86973020029450309
207.80370018167872366
222.88506098950795247

195.09805584241019438
204.98219776512839815
240.35081267039318164
156.79300671791426644
179.41578587784423832
188.45891680047646098
149.50183453018266743
184.08043615782062750
186.13875600797159633
206.60138151375687008
218.44506099084305617
170.16624310748081235
212.99033214056738108
159.20125709633571952
181.76898781418509487
127.20803179122488725
191.96305193479372659
219.45549233102479177
218.48135386845512642
241.12946143333413925

Z6
213.84333670452990674
287.87475972126578363
230.84061724223567901
251.56419594661402781
222.00780082522237679
264.38069943487813425
270.97473932102923141
331.20160991562779780
338.42321770795753475
287.22057553394753392
297.63203684261934678
241.62840308425746276
289.96290587715196028
343.07686057453476152
222.29500967302951411
239.73779110100529360
301.13608304786144204
264.57622425447930875
262.30892393381755366
279.33448425494186572
253.83374583511815668
249.54552264721779290
340.61084758833171720
261.61377649881834598
242.70998777129414468
261.81673291612558322
193.44436128028531494
246.12568274751281628
204.52972882644600180
213.47377065622133720
233.21955645139881628
206.92997490063864854
293.98469883367418891
266.97189417772484917
271.81864879109825234
299.80180777041924395
277.14032323688583930
281.10519119460353412
303.99928760479988732
313.88271298125855891
268.30402468780824927
278.91890268565558390
295.39413480544845951
320.59806938185941487
327.36389267774195686
279.37641632746076235
352.36520026759207319
310.05360563760169304
175.41162189793052281
326.89733422882427297
254.80100453624089047
200.73910560123679289
249.00300166106289403
208.40750044465271806
241.05319329063226001
244.34750551145183948
263.37138277702550710
253.97403243441147835
280.82255790179637636
251.81789347448527030
199.21266213992913386
217.77605406302395424
264.36905772347601999
281.70256160000104977
307.26741995449750861
284.49777582281159677
188.53181800839254534
202.73195788348360613
243.49901001842509558
219.97685845070777327
264.44064497499484442
301.01256392291015543
228.62715665046685374
357.66583984864334902
231.96108494494706197
265.34831782013132219
242.86853277438342854
343.08417444229933887
274.40596304733058362
241.59421225077110682
259.33920094953840105
284.95498119547449855
276.00822544186861987
292.81461206623288581
300.10441189877729784
295.04015060890866025
284.81797750455454718
282.83882210522578009
305.19006263365475240
315.07710189954565432
264.26493432940116754
303.37220125752508098
231.40573652609183264
300.51976229290800128
269.10024607974962054
215.36250578670468919
260.49531660339023544
299.69912445347545244
263.64293796775915306
246.83781206795052312
281.29720263671920685
262.02062243524667801
317.56848362059016311

160.31694115682867315
163.73436872111571408
165.21247396637305551
194.50920704469350242
162.83512593127088404
175.34114191850973854
192.67845499164983765
162.72236700972492274
208.11938661337172488
221.40990236282208372
165.95863268500986966
162.83512593127088404
149.51992196669969633
171.81088386695085999
155.79858083695631514
205.97473079932788677
215.17817319725561265
198.75732500068238203
188.55367456847047596
231.23173887100584537
279.91252300177088126
179.14097891998730283
193.28257763811576928
218.68025515129725148
180.04306686178029334
229.11820694955995766
209.10790870185210999
167.06479784166872776
265.75783831899205335
291.10916088276040450
223.00691830531342972
260.30363863067472677
241.64626903522638335

138.14822571911717769
127.25094968742465327
157.39239112026242624
179.24041166075825977
168.75121359361044561
155.80835547927176997
152.82458478229865775
164.79976944828317040
158.51065689757953012
177.75973753301192009

Z7
333.11032710814424383
160.65163017864780636
209.54415258610184120
178.71968873789160742
190.92182462285404938
202.40149278708090665
204.98591026178593902
217.40990079961730775
268.80347472378703692
195.80060686458512344
181.48078477712523713
196.15803808406655271
201.00589686560442432
224.68044439228713877
235.96487454446533808
232.25553956521909852
236.81431723557321419
222.83619079705016168
241.30487330186061953
261.25705623983238733
304.94016496465628864
263.04336716100950791
282.04259820542955453
294.39856623516760518
287.87640321507356512
283.94050208786336628
316.43684280510149583
264.62652132960707904
240.34014624659685236
276.12811933047943883
305.37470949923997740
284.85293502327722390

Z8
251.75004914478387005
284.69500992843316595
286.87878803429835649
268.71501587000749618

214.29697415921999708
183.32918969031670776
242.24495076913789272
189.76026808033209094
188.01765771130358432
251.78031636490695871
218.79771642990664810
285.57201975706784493
252.73289628350075741
202.23559766287288202
235.07008195752469955
199.51774961354064573
246.87788444056606017
226.56139140586602558
222.70844190893120039
278.03301408279865913
206.52658474407519761
222.70957695833268446
227.55220893573580502
244.53205473420578472
231.34832025195671811
265.10939081612663203
304.34716033629638673
229.81925621126609249
352.05272162591759764
384.84160340144930484
371.09758498430035935
266.34889476173654393
287.83366212928081179
245.89492214133183195
194.77360199664995804
243.63885906323502686
227.05656987206890098
257.48932398140922146
284.20776965513553382
219.49181965279811052
248.98143972176943444
247.71753580128476209
264.70852140380164466
257.96474236883879926
298.56357644943306686
272.90087748954423707
272.52633084526693467
331.65073283791611402
291.33402019587751773
196.00817957802141494
233.64060591676978897
252.27669439467228769
346.58325619046817715
274.75063715060098088
278.27650094988776642
283.36265994322484483
274.12355490007385063
258.57059986396792799
272.01382811758118929
299.54764674560166680
224.17672037213746116
299.02309247183600598
192.62539461286663547
217.60867841154602378
221.30330729884011687
230.54783476780544263
227.13251973674143747
249.54736696629042390

Z9
189.43918687344566416
221.80635009215739695
233.79046968515577008
208.55660917362411472
248.41790930014753528

84.663915527725598317
109.04312252458156469
115.21141017901184892
134.53720622061325704
134.20576250513021863
196.65621149987579830
149.53623363329865566
152.56953056184852181
158.76236262209117442
157.04797444592185852
142.44126944776152717
148.44695388613656313
136.68012162404793848
143.92617375647404120
153.52408965105696290
149.96132505251831000
160.28047279766410911
159.81810385963466620
160.03449236073177891
161.02804263724776127
168.50670640720685094
171.04649107867530265
170.26882504456591584
173.84936155923194741
185.97069456094105736
189.46500561625995835
181.50769522828960769
195.90761135085627582

Z10
238.75211747790621163
234.89319846351411020
264.27425989566625399
263.44135729364311552
268.45896270885344475
264.01578953241889297
255.58105276799826462
264.90895245738614544
272.20830465607913973
277.35401153136371328
282.01336224838120071
279.98551135320713633
285.24871400277012391
294.95900574028292349
293.01534148728481068
283.56492260792746880
293.52027715150144926
318.10463363037587201
324.41195964770646209
320.89107432725971333
328.68497817659272178
328.66248107079920658
329.67110355479061230
326.00006604771114308
342.50494827218221543
139.73748888578990395
129.80948121935830552
180.31126718173694320
179.32355963824753647
170.13505144995123904
200.13666018813983374
192.27675402143036056
135.86191960909688495
133.56135961017155842
140.65790076910748522
142.88188061805858966
135.88946842319517636
150.49442940052412007
149.52546101822958401
153.19632071206291395
151.75493269413557003
149.99065492836543896
155.20262598230575570
159.92569452394819323
156.23023407740263018
161.97203690559544344
162.05459580807515108
163.47179814199468173
153.78357439104680585
168.18034070156963373
164.59258265486801634
191.33093240504632755
201.15495862263752501
227.67483366455884683
198.88359075672048094
215.24648162550086658
224.05032657724776102
226.83374888851422684
230.06914541054632560
225.80453265309727687
235.03908450025431331
222.35711558933868708
244.71302598021494256
251.50349738141480091
275.29504145539633385
176.08244784046096202
164.58643951502017270
170.62508409278890291
173.28669337709286665
173.67855574274642349
190.35620861409902933
187.74576785707544092
189.98122169877355716
194.75210530149594397
179.46023084588277516
198.55539218029751306
182.85373774951769216
178.66313561685013139
175.10949619884592850
194.92556377645542620
178.39337884865325164
186.86701741964119258
164.02385001270715675
212.73097503231488573
183.48206415235507366

Z12
318.02369829287124483
209.82206447075277814
172.19231753913571568
228.55332043415610072
192.84929070497453977
178.04761995484510669
184.44527348447522915
187.78176794111141562
183.27873032826628098
217.65899589583853600
201.75753201809549236
228.16655700250242510
257.58385088400156532
218.02610347846556320
236.71509164667613848
220.59018332981912929
207.45539630671785133
256.19530805446538279
259.36544414858591186
230.75874194810405278
189.80290016297575126
191.74953873398760149
196.97219081077535213
222.91017778706435758
212.34335643176497772
233.18020590091463601
222.16146650586445875
261.20700898638314856
268.99982805417469169
259.42870317890222725
227.88163032917454910
227.17791483171805173
252.71004354235410911
239.11667963983218034
234.23258056461363566
271.04518403580834606
206.82022758319816165
242.76066050499470186
252.44797172858267967
229.11639006703544792
250.34347598097370344
279.24065680515821772
245.08390371347145282
280.92940879909080728
236.61204181655126944
242.97126876721902512
269.72673383756659695
268.65111094758083269
296.38080951366155949
305.11794075918544831
289.78476864105474552
258.78506645267101128
248.49338017628906751
237.91382269336509149
275.73280756917597272

Z2*Z2
395.38955311669955961
329.38824524774464680
392.43688915297631511
385.81539146414782512
396.23500120671749748
294.31533503564628158
305.86945802627522215
335.62333525811322310
240.49345613495514382
226.10675124202859577
357.68396814240906439
283.66149083086917931
231.57878280257198831
243.53433532100107331
220.95603390037203737
222.94849707390493233
255.47223669215467774
245.06368480350420356
244.51611088309964068
259.86177524435185899
294.74198352682123273
315.68541059698045231
293.25843010669848219
228.09887973895656178
283.04451094201788950
255.77831652857672243
266.54263240578120543
198.87127617375111569
224.24857410822079766
331.26712723047233676
368.35181945523570306
306.53942793640616105
286.06937024328988996
249.12085607592951564
241.62415871162156730
270.21193713926758037
236.54059274026087943
216.41236282500384031

205.18086561869735413
180.76112044759763317
168.34923981611577016
172.78674656075341701
193.03390006299305088
192.75643093712314678
183.08187794340176784
194.97488105780577571
182.51305248309960672
219.78622882552191919
191.69213703986154262
184.95990063342865990
176.05766846972462807
186.01433025495687465
193.79676596894615598
179.13653214861232248
186.88323581137828749
172.97228700035951199
173.63649076124821475
199.92486868565726239
155.86963552266625504
189.81739697851043175
190.67588969666275753
187.19174710751189294
169.53156852459842182
193.24391689798443171
230.30736855699964480
212.84907013631096124
220.23922342625513031
207.96274614997222164
180.73373523419613690
179.97681606200369823
195.03648583193330106
203.50692656346926657
231.11580716691076503
201.63206021659578350
163.40082854015237615

Z2*Z4
242.32679686721032502
294.46211459818331070
226.37329087778942641
305.16621018988265023
269.64497124865335722
194.19747013497290957
210.92341540529891775
241.44854999244954294
218.12050995608017346
219.11772962778737513
319.89125556014214219
293.31040577922575358
256.49618666754264306
200.43126832417736701
201.02959725292070826
283.62175108985611652
360.00144865311683397
224.26297343421765380
348.05075150059047195
217.99457580730534556
317.78610115102181529
273.62526619828873612
333.10615538814004236
276.22617559891337082
300.82036990516202934
173.95397999225579708
283.68526863410048473
330.84221376054636590
320.97585203215640419
351.05700390588517624
268.31078287314378970
322.45730607993911965
230.53027274760933507
296.75129304293930930

181.23211440968439943
219.79078109388844710
249.42478067744728049
256.33095310815626880
216.74481313349898026
213.97267056295883983
238.29228362945780749
236.31347517184806905
249.25812481457572542
250.47076804871219026
223.80455507495651074
193.79718225713780340
225.59191553206089920
176.17609757010328297
145.41279687751076725
148.48670169144690326
140.30479705390643183
155.35277559581437735
150.63098898328348237
149.43949039704791450
157.31118606107920876
184.49207879280388270
178.84178534967651074
168.66340132673804045
169.01175492686412106
153.73391981842375587
150.27400300126002126
153.95342139326294312
152.27858177933910616
180.98485475251104960
154.52734007372463074
171.14585736320914237
163.54629614636589489
183.71321207844140255
168.65523206980952001
201.03327248896494507
220.05663477121672429
227.39718858929075812
213.15513615163460808
197.50440089466087474
183.10352817348150229
226.97830837452684824
232.64156510807158166
125.04038526575217302
145.29690271287154792
148.78225557713804299
138.59868080712134532
130.16958883850357462
125.34551782502671982
134.42622055967841168

Z2*Z6
263.53600627355192703
272.03252407300939012
301.75790128377234335
355.53931516891104002

168.19353601233624034
191.47767441313538248
242.37956399390403984
212.72623591079228919
231.48658461976359634
275.79273650288508075
348.44445159859200161
259.99918710737313641
249.84925265439934314
226.64438784359274146
262.42779401490372036
264.37110367802737543
238.57496782155670240
218.90965034217463408
219.20280138951591858
221.07835828103589864
314.30379418267562629
206.76430473732473631
232.79996535413886647
247.19558924110079493
218.93284649063320085
238.19125789139238488
270.87584355688629168
185.73801224249610954
199.78641054426528642
206.55213551035030045
208.95061942657720499
253.28703660832263338
221.82424877556536600
221.03958705265899300
228.88406674623868342
261.11578697030245913
239.56333866632434243
281.35748258284897927
239.56774125373156744
262.03305554298781998
233.89688711912746540
256.32250415659351434
323.17417384438866861
247.70964228440290394
274.98621791755434835
318.83339364792926632
318.00243301917564074
318.25012961353019953
209.55923603375721753
227.70766663960831346
217.15119394247535389
239.75591615054324458
249.61995037937181123
246.94862134597810589
269.92107098424362634
271.87225211970553494
275.69812643364593465
278.44012612610555061
280.72236648284481926
318.42808728900347962
302.24588104280183067
280.96828050382072353
288.17573472090566029
330.49267406822410930
294.76862356913551290
277.82621695889579685
253.30638548407256923
238.91417210397090797
292.10032193602390765
290.43669845592434702
302.68386504334967659
299.07762461576321527
374.15983429667472660
358.73132505611615639
333.87172847444784442
315.75656873241116942

Z2*Z8
130.41680486952848443
172.49619813224118280
194.20025394516631404
228.89037331439751543
239.17899238467091283
258.61371925619573849
261.71978724798549269
281.16935336639597984
244.35224934711083804
249.38606730644263213
276.07990748195552581
315.41794579662423620
319.15407005418211404
266.65905493651230397
245.53906444300391549
248.90408017037087971
320.88764037719213038
265.59606555063756677
283.31993186027749254
289.56692258649740112
292.03986616257056119
283.50575022773768489
253.59782377057428389
272.33829489646802240
275.28996933342673028
307.74733703836322840
310.82209040350096929
245.84745133498869738