[1,0,0,-1271376476514788123979112128312980,248131717764014678423337299444388036083025142487952]
[1,0,0,-1346404541224901580948752030,19318553476047119421649468184366353981476]
[1,0,0,-244225635073705856645045305358516300,47380375332133580095127079115821390516194400266490000]
[1,1,1,-257204508165423954816402995,1748673531007907498834205901854033996657]
[0,1,1,-1805632198953220354072743054330,937164323059943920996847199260009653476285734]
[1,0,0,-63027648904638221255187267455442654380,192587891217980559955297589531239556020861574645790129552]
[1,0,0,-44387306158736677028715737942358051994683995,2114995693353033198806002357956533114321352167757953849259495251025]
[0,-1,1,15906368950552398604847990,120164001913749952070571406918783027756]
[0,1,1,-43404903968582650644659510,110583089765290602424908396450544942556]
[1,0,0,-26585801149299063128485194924055,59129117530968104964891765336439392682133478377]
[1,0,0,-2035100211022863701787786128710,1119278596873289775178978177109549448664136036]
[0,1,1,-572802599624085654667204322992360,5277993800788102208540934781543522853711433047164]
[1,0,0,-92752549805757556582854807830563393883050,768987204860893291507054906523018457522726335860125939405322916]
[0,1,1,-488396475371320329656245413781330139364506412600,527293373929483940131927779546303415847929184754449571815334614513993906]

[1,0,0,-2197114487075051237175634730,118333571404896316649459410056137259532452]
[1,0,0,-217355654325805035467922425515,42013652306493555363669753849175483887204017]
[1,0,0,-25985723533607031680666573307358665,1777284485143248504295316827635107337913198661235225]
[0,1,1,21684687816792871940,536323633330486820975424434082364]
[1,0,0,-279021136261247540446385495,1793387038596711777513523387558820786025]
[1,0,0,-4401046837403916631215,113247068123398333719870687876921]
[1,0,0,-150896123934128959243712285,844403124386456716996509171987377289009]
[1,0,0,-597872211893293896943612690,6922653506619993467506840401756825604100]
[1,0,0,-235156296239005741872850045635,43891763533599932513239182886961588521260225]
[1,0,0,-3315884079090771665081738064855,2323793946140310258573734535551993806310705769]
[1,0,0,-1017843352326919892221795,583997132716712282566571150568433025]
[1,0,0,-2073251774144136812897272941735,1432876183537108072707643893400054387212141897]
[1,0,0,-4174902332253438226592458632430,13497276399741906319596161056780175385144581252]
[1,0,0,-104247069206207225692790,13077998295796069821444447267212100]
[1,0,0,50627101565668207228579525,31560876466833383058857093536380500625]
[0,1,1,-1712371016075117860,885787957535691389512940164]
[1,0,0,-18179020279645248226680989180,943130631992337822189098312617324575056400]
[1,0,0,-86360896643095981339889711579335,309665302194639946752926689756764603565256969225]
[1,0,0,-203194603752496447018924708520235,1114929529839196014201757121107587089072126910897]
[1,0,0,-351977692642507927577441218602598795,80382547686623410309989730337857042541667137846263025]












