[1,0,0,-801598222309406030167646512525,1340218010187071010144873439749301626926500625]
[1,0,0,-131191625735555376835902425161835407770610,9527282740506020999783481471335892905756009749531992669364100]
[1,0,0,-3969894586069811345797915011354270,96060267726898136055233656334812211512766915208900]
[1,0,0,-684648272485680709402900211994868050,78106637528224228839785060686283103205949536929802500]
[1,0,0,-475580051023836530278979780324370,3991178865068293690072267520912681524547928912900]
[0,1,0,-196348925423783757393146158660311426285,1051757327090520025478687684152067952012419669968483731900]
[1,0,1,-913217994232980248076710723083809326628,11134659509213630442423739721043373303068542539029002813998]
[0,1,0,-2988953265941486315671511392675613660213547766700,1988561710795654748570775576651431494771732919207799253936953545372685348]
[1,0,0,-7215616324653838384913625350620220143981486228910,7312288533664556036160260732587179429322821986829787336941560686885443972]
[1,0,1,-360225153137805377563861499671657822554529441873,83216446291933254309928055003080883290004599027629309383724863943212006]
[1,0,0,-164709440877242365084184292915926531855737195,813625350097041580941646921583190206129348507310784165707920095025]
[1,0,1,-1335985556213327566393188804097819664,594359932384372250781816622950011820594941728829430686]
[1,0,0,-6425764677860152725987889739367599975652685,6269378239936665797804421444079658936297007509538479980249111697]
[1,0,1,-196088112850250619096616465973482541791329679334818,1056769769874550553807438390237468946455487112972817882032821970832478722306]
[1,0,0,-1601825625756180889302684290822230,24675947726759132681554784670325851665637575876900]
[1,0,0,-40261759047198447746757434668761470,3060380746085656600349631533426865337350014313816900]
[1,0,0,-18131452558471483129875821564394494454484900,27258515593219545269929733144764982359147216805507430448480010000]
[1,-1,0,-51900732008393603998885951715125368699,46417971051490003806207921373628830870755520996382489505]
[1,0,0,-40181448765949668810483386349055533876,87685454975186288849638211899417160265576039917893134480]
[1,0,0,-13579205648744547106359624860424940534765,568609448618954655318256769174781341052119102179499627318225]
[1,0,0,-1161478661360056498450485718381297335,795675079452688771133200765624035786829237375610829225]
[1,-1,1,-574566017499116627722160048766372482,183318463515904127413857838802960720074418403931454081]
[1,0,0,-988951765004387920861556578668438719509056534725,4431534526239166862771591096675025752199977904072746707532095151207939457]
[1,0,0,-38330935927950988758564975538833073660,85931186193126044675921569605579658081947137757428867600]
[1,0,0,-351800107054876846907380158079364186,80277302459037686725168689689159569323645590756047716]
[1,0,0,-262504052726499199028600605821170774370,1636654058247187351529049657559922095478041054731129912900]
[1,0,1,-19268651287520295734172617502244,32555553942033212710586516699879290958187545426]
[1,0,0,-242101612082080883465208402167744401,43842467815131256256702280920634993360357741186747305]
[0,1,0,-453220454411081041475408053976625,3713747448382841638829425541194406169971714250000]
[1,0,0,-2895282112695299617406105462760,1551478570292532622613954216675017870898049600]
[1,0,0,-2823100570650333061135120044365876,53722680317053770426036738014476974297901621850256]
[1,0,0,-521898581151662383158650415466,139102677048540476550558210975450499388872100]
[1,0,0,-1872011578199241696858789714444730545072390,928514599239546628471182227392719371419100052181457961233600100]
[1,0,1,-114366667228892131864239266348961991763,133933421605655657951410456339557051163582538807116292138]
[1,0,0,559385891168349980722395673069449996015,-38442351661794090503736559354538799936131699316186002775]
[1,0,0,-6889860610334057189402959744342034583398891,9237609872689667373966543917188645330280958771089536835713667121]
[1,0,0,-5735720609435000360396020614667808752375,150485353390295360395953965468084020388390614011037316510057]
[1,0,1,-27789073528333919645896990986690198743049,1859857500012745921403724958577667925343184951959353727909116]
[1,0,0,-10748559915580117411148840629957123150377245,51353186154970235088176813558981483453831048361767253377943481137]
[1,0,0,-1175965898117969065391602759190738535941395215,13886508272221232916512908346768597122959550121293581577167667901817]
[1,0,0,-2710804785482350140002262807627047854670,54317364067271902603276583693676832699580348548939354942212]
[1,0,0,-9598448290837410416433175183014219186075,403046614881349832317788129293290798901662698812680574011857]
[1,0,0,-28902434997566728221995372158795948632978030,59802932895295336101499213250419273077803080660758195348604896900]
[1,0,0,-47521204035926841956898925141731957068499123595,3982325303626844390018987506350285511096154267481713720529176140727537]
[1,0,0,-952728212693461467276534157906420051862114553060,357884838511562116559489813199629322271431639095878154384363495517243600]
[1,0,1,-299060956210539783759852343001586293825163,62948439399794304891707376109467111082257061553106032413026406]
[1,0,1,-728177856117250596635013323700992100749546784263413,7725511368374502384905062271934799362136250437256099440874528514783779254988]
[1,0,0,-1014496779500059672455281028048689531196403660,12395163886199166059057137251571878361480091007191998138642824467600]
[1,0,1,-6731612366192377228520404,3182900810959595258205766071715171806]
[0,1,0,-60313024735007362096072931339173916555726439220,3303762732437764940265112114690488828303891527290367159038723810320068]
[1,0,0,-2777246582103454442974884437155452336,1455564445936125191935204839747626363854260068301461760]
[1,0,0,12370764835409459885826379544,1795055346226263534415826963120427011109440]
[0,1,0,-749176510115432376219665096358484445,243093364565008663402919785745371914691215587070812100]
[1,0,0,-724016704581073411076105781935,-220753490559318324998944201709786454755631303]
[1,0,0,10129358605546801850018730604093405,987295481956596247636872669057081383779119725697025]
[1,-1,1,-41478854711290905361075386062753768,6403249394898252963732849109959916162148122363168427]
[1,0,1,-99634728422186774531580539738790094244,375457508444593787454386978108526003626550333098115853466]
[1,0,0,-11294541157720050543614442617749590666,14594228853098919253439575045715564198796435129317530660]
[0,1,0,-21810674198865395737062871633956077082660,1151582912834331488017675826216127056963052542628118246416900]
[0,1,0,-337623059472632292818061395642167180,243132517058363181473177057453027217617653118422244100]
[0,1,0,-14056407680017271277544631905,1082872295776815338920297488812717727150600]
[1,0,0,-15526899693898468469916326724876,-21604871823375940499049510857364653112584174960]
[1,0,0,11117292632236250245666794458636697124,121988636725290161362318441824000186384565986624370943760]
[1,0,1,-175219044424068117509041966499617841475424,28239604496925998457224868144701482152553911582356171886973022]
[0,1,0,-93971455422934013299698478937937711342461641,241891322469438552698504208730495830849813441909007302990150413480]
[1,0,0,-447356321155692541021835770377275637640375,115130968927509369313052214651851701004675603492806696081862057]
[1,0,1,-255425110305106802414698911353,49687082457794764104885126714843336579491148]
[1,0,0,-55770783304388775819212152590,41845524204552863364522334541356125554692]
[1,0,1,-394848720390105077262480299631448348,95429764858799172337292516330170489885737662330459006]
[0,1,0,-501209781246999256490762769859365,4318850679978610403682556735125251594711776528588]
[1,0,0,-68609682232337291238386381786680895670,177883367742624591465578320609206700407604463038260637212]
[1,0,0,2759310394700302714594168699773100722994915,10984377272880698572753499030828003947438720031331881909529234225]
[1,0,0,-211386149196435146955497603911210,2434876668936235238811922136488704637935627947172]
[1,0,0,-22473804120743025586469191535253225461374725963685096,1296578288999059294904801949174145155220000283044908446573856214321031379698240]
[1,0,0,-7923788923260228676409807151085980,271251944009258509680643055407258125899930873264400]
[0,1,0,-310679136976653430401071541589614309365,2098187012647280976559379484632993338068568676926664553900]
[0,1,0,-46615055051824934699319066817744605,2841197833749770970755254122508160323483127463371100]
[0,1,0,-146905528537335347940544434480123778570818472145,15206892013124396995602743355719941966717098947792384035631815810457553600]
[1,0,0,-1325987071254184619193124875708458567010,798417471793923780571603906054728066456339575901227372100]
[1,0,1,-23938380757142625186132412578769408,-305601630803810576497626945680991249901865603967694]
[1,0,0,-9787812222851471841774232010444366390,15413207617286010670581630857823649728433524383709320100]
[1,0,0,-425377876033165241249056156241611769932720,106723466161352608728840289894228261543807522752144901070854400]
[1,0,0,-105655545052152165394401101837567565730660,13218568588811424938466556570008310440422613292838843710307600]
[1,0,0,-1381349373625762513686831531904414489931720,651575405687142897063169210909959373292116752441285664912014400]
[1,0,0,-10923333106094368592569146579270869124176030,11965731175581542220550751977617158070089139321353602622984584900]
[0,1,0,-13154736167751129328875003007476495602768965,18355582284682890470036795670838147359800285640848631133636010900]
[1,0,0,-51089367517798676829723895318110449185540,2879237793413416665346166984484966139389506753894735695619600]
[1,-1,1,-277050557398932185521519176618499051803887,56114800713030089465499522469688410877476458557512193760689399]
[1,-1,1,-65338547599245730579050023973180473069864657,182357248778705611042258346549991633001949842946478772279153458881]
[1,0,0,-1329503354952662818491247976620878070870251525,13761559006707473493545961760708015062364703164056773083847181486657]
[1,0,0,-790638548430497935939182180579515874145,8556078777481404699596344173356841529764723216812399782025]
[1,0,0,-26819431744393193363136196752966191683367670,39338664332562485745512396981064358538238969343729438537694964900]
[0,0,0,-93305147895336633310719675997889412,10969994009953900000456072377977726813144039733934441]
[1,0,0,-432475962966159032775706109951102832268512705,3461702207305424411532852744089352068208424552118342215792515686025]
[1,0,0,221683892998694086877646823657708664080,311592422275998184661510782250789695954227526204157075712]
[0,1,0,-5170974715410910774849544503221,5323633362599289915534558079645209396913390980]
[1,-1,1,-17248025995550682354403935081231953225,21135451520957035302588460129690773884926555338415426505]
[1,-1,1,-7936978077852508063472757532162291676962337,6386910811633910740335979602803590580053933240244933341068376049]
[0,1,0,-172776333763562394336633780299756144005,869942592543961417372061466993054347921106655396853257100]
[0,1,0,-614780887033107484961506860461687245,184544177748948585400720863719548637345200144466275100]
[1,0,0,-34686102262412371752226318609983088048435,2417306610689748579173219399726144324717100598593499784329697]
[1,-1,0,-1177529352307012277828878583295824754564,15552651211285355901829461385443316774788137825358033375648]
[1,0,1,-20653380135957060833720716764294344855686212593,1141604178775196738940319287373885079139741573209749296167630517737808]

[1,-1,0,-45123702275641081919424,-1963535841750202515136116268762932]
[1,0,0,-31124678862448817636407940,66835225530144951377745363438177411600]
[1,0,0,-841913947832430618894580,295136017837598326614751155711520400]
[1,0,0,-8034015051455135062999285730,289348572973066562201234135502825455736900]
[1,0,0,-822259949983210124060751,286775782051582928617737165270930681]
[1,0,0,-51054993026763259730885310,140295994906362117844167089363816108100]
[1,-1,1,-45374649173740836605820102362,3720066318230759490581315479518302807124761]
[1,0,0,-533024166437861795831860,150145561559705338985839395548651600]
[1,0,0,-3027369717001109222247250443030,2028817184758375459182141696978493700290404900]
[1,0,0,-165622879312545076279689272890746,818377467155538128945404717298826491824235027940]
[1,0,0,-7124549942935826931044066,7319360155313501266864951695617016900]
[1,0,0,-822259949983210124060751,286775782051582928617737165270930681]
[1,0,1,-4019175690941783130628,97050922917328246600400524493006]
[1,-1,1,-82332276908073834616547402,287541668542010063173870439227562187401]
[1,0,1,-41061306153084043265108,3185903340945571830683716617085118]
[1,0,0,-1523372635414000905181910527726,723243212874903410571391010646562847229006980]
[1,0,0,-3726896606489538014807823629390,-1065145370395664163469346840915100916019739900]
[1,0,0,-54059464705737223501792212385,4787734047854039033545219031800955876871497]
[1,0,0,-699112954366367467920156400,5722163130057598068986876309705284428032]
[1,0,1,-5871521435329649314324031629344788,172993600167184429589198294960718574003359733763906]
[1,-1,1,-960030060545458886002887849322805356175498,362055559646249146707021073044994258163432080303497826046420681]
[0,1,0,-92415860650236343941767865,339812153247400733310842691312151100400]
[1,0,0,-14449832020856516030717699280,667048026760547478386730660166577486342400]
[1,0,1,-2775271711608913149065000293562148,56273815466836272280793492720347500222386983036078]
[1,-1,1,-447557589334393730351824217,3643868079922687465968426756008094647609]
[1,0,0,-3418877004771000403942399401264510,76895638096171882779790294730021122439698272834372]
[1,0,0,-492846919517842269542923229020,51349587205341386622021930561564828983536400]
[1,0,0,358804192012993775138370,38355557903006419927041938707320900]
[0,1,0,-3644556202475792269518216279468858086405,84686319731701109368750690123396573251362730371973553418100]
[1,0,0,-379182143604577428048375150248709410351240,119439444845999205909039638251442235171869686073489510859585600]
[0,1,0,-89280997598876690534935351936005,298360732693992690511174782786675112436099714100]
[0,1,0,-683296280266159149478668116716868339845,6874806981839357142636691301220260598519026095365342406100]
[1,-1,1,-45759282422993769515525690163600632,3486039421495312317742621236734755107295292724214139]
[1,0,1,-25187421680278445693,48654137710470248344196743556]
[1,0,1,-8681604817982520137993,787867843662491679357445631664056]
[1,-1,0,-24641984875424581038634209,-24571734768259940862407109555298069587]
[1,-1,1,-1885102854395997091056548,973413771881424764788534967357439431]
[1,0,0,-83818010737520230021560,9334402101835969395681636158145600]
[1,-1,1,-724963083845838467147663,237586593680168135061122941755311831]
[1,0,0,177804364014978081877274,-5522974673744579179969706095233820] 
[1,-1,1,-7155075168979273725951497,7366639344211346802891522902591893769]
[1,0,1,-42784589788168290967245543,105998799994358063694286205461334210806]











