[1,0,0,-326034514850898538462143577535732108974101688866,126139807177463916084745782524191445068029238338478785879968870214064452]
[1,0,0,-3871874529581532682991685,2932443695831973034287157248711276225]
[1,0,0,-801634269837107139166772851280,315710247481803582042676623278248394848262400]
[1,0,0,17189192408099124368974280,14347563590500778387882617467320974400]
[1,0,0,-1644173544974177009215399260,29144075820496678960101949181880262179600]
[1,0,0,-239247306678234007210828097520,45246626407933026379552521501618249969926400]
[1,0,0,-11181845072095618101356644660230,14391914697117329050689039214352461501292556900]
[1,0,0,-23029452969111267963793629026710,43247274604914893171276548913972152943570776100]
[1,0,0,-19970723901492180991598876405614595610,1128216419636366078345077292747293694901309237422300864100]
[1,0,0,-36180559909936665984616479270,2653605664924418914307133525288436083708900]
[1,0,0,-2989806201437063120537582346,62923591421774788114221127970660801865252]
[1,-1,1,-81998483989093847324602383387,9039662557314583503984236650851472967245899]
[1,0,0,-12151449801116771364158721464095,16303853171210911871908176340222708651618600025]
[1,-1,1,-273298230287404986977345675193402,1763992752893124742187852765930832732626192628729]
















