[0,1,0,-6141005737705911671519806644217969840,5857433177348803158586285785929631477808095171159063188]
[1,0,0,-1443705842368492991301675445569878391286260,518524534126954116322153225511662398609137586525877978241619600]
[1,0,0,-160457317436491036800639760108090,-369449120458315595021673906507946532059648303900]
[1,1,1,-2245321045583713014514387556551626518613389075,40951023798706743647147655022412395573869307978556305934134697952785] 
[0,-1,0,-3600510377430985267434688529347574077140,83138379062405631329348360175446817662846629397471808788100]
[0,1,0,-23686061832482481624168232900,1401294826072670363740983663536729053022048]
[0,-1,0,-866893152450363503763740085700,61220734062068506723288644020689511073795652]
[1,0,0,-79803310703487437168280400573137070,8580075521385909204798110196185094214069266303840275]
[1,0,0,-74080202792053037257517366670840,245162596325324791545535916283786496196278857792]
[1,0,0,-23240401552546314845230555767250,39035737383640548738264240132679708432408668932]
[0,-1,0,-7985998165395787304825344219115871830992424400,236404979519788048487726074172367159784103845913664502907469980160000]
[0,-1,0,-760201942774772669314343562439497825088080,-95708989342755051877989387613747100171663599927715475233817600]
[0,-1,0,-66674910963953221381407330155283909120,209538273973188523148521241768602534888862671193290502400]
[1,0,0,-656566580528041526076907434779,204763686511453405853594537484357296391508689]
[0,-1,0,-155620906905035367584300588900,23529944481555251676876571790285671801162500]
[1,0,0,-288526127482564603081865455676550120450920,59623051117716862080826366200122667467803766340526197695822400]
[1,0,0,-7939605217634187705540375862159757546265372082473930,262687218501495524246147585277121803488992761789661749489359754558412306857252]
[1,0,0,-93016379737949678213737945088754,248176820329629460414197205085637112817583889284]
[0,-1,0,-656714316746649317774273479510020774526130225263360,6475018218706997636015243652052679904565591870426948879010401905535258556992]
[1,0,0,-26063688229376963590087835932610,50137806027135463507471054481447125468330844100]
[1,0,0,-2864261851997523184312777154989269631330629270,33127964857714555574072691338532131936542179415959379009782924708900]
[1,1,1,-1239682737774369346053097395785098403410,11149795415761842323945322718716176770048592941471370462687]
[1,1,1,-480426083867972513443731935354799475432800841130,75469536192704935204061526581527440549482746439665617973818818782952375]
[1,1,1,-43104494813773870952598590167526238603734,3444236771723137524126232072555163438633628706759427431498451]
[1,0,0,-10699238570566300322465089876084112731704600,8906264749635532407888593409743046197407929103665973862298600000]
[0,1,0,-8665851076482178429252004,9394159653904223016884439949397508576]
[1,0,0,-39466246565290947729079823487881122376900,2326640027674305327779055836964540142971116940216857824650000]
[1,1,1,-3513468140056336833205231504269852961111935719610,2534629249354615055221589817535180260358954874997525656769738230503638087]
[1,0,0,-24326306716406210217701027657020083359447088224,1440413667675402568618356272782004730157552823721267651264107094549504]
[1,0,0,-244086541734265235806414620264027878839495000682270,1218006870777529664070689743626094196017097935641565601671574112133491528900]
[1,1,1,-1696699016246922652836208679383316438330,26885742899232678127729600383318662389671931858722092489927]
[1,1,1,-586359283244100670505525384240022514375765159720,172819191908793252058129879393088252545259814730032067335477586877666345]
[1,1,1,-1839926530538856584164329942171450,29873101006545500680178813099094522047280615853767]
[1,0,0,-177659495856188795826562585450790806558122070,911444640108767095519152285975691560683509590941137664365917380900]
[0,-1,0,-114425822959997977576044987438122028738660,14877881417418590202540963775117561884844485882986616854578692]
[0,1,0,-116190630403464978132071975947211026451723011840,15225130968668367855646306106105796576235508645607543462406484715230900]
[0,-1,0,-12965930443602869558774859679375317858823000,-15193146659631270955860309522855205843036951294112904509652203648]
[1,1,1,-13009341803680520841481754923082354521265,568284241081926914633590551945485393299976481406980668522822]
[0,-1,0,-2383110962054033085878677525453624563080,44775741993364720584687978473400610988765802793772483100672]
[1,0,0,-4749302589699564202036868930291980659044110790,125977195340545446212474209368159702118248719709125932632444378267492]
[1,1,1,-48175243928115592828173140656499880532860,4015260257506238544999752973083211691597213400062629752979165]
[0,1,0,-50621588861352640553656417307934031424,132430510500707576363286137972355719496018528093150308916]
[1,0,0,-540066828008650522593623070890551121530,4795542592742638014042622090886870810991688494939480764900]
[1,0,0,-732422686554474983901381413185369844685453660,7627897324456116989409458240449032265259431277276471042541394467600]
[1,1,1,-954237850881518807872584328789253376839680,358286425648961000734428309870621739622820529800054156405115025]
[0,1,0,-243808023928711283779737247140303076309820800,1041466430733654134906314434023916459833386895016781193986184472500]
[0,-1,0,-2991220483124006930113989714741477762880,57060193869198066648141432848324200979950827610172934455872]
[1,0,0,-32731299165805733468037657249047136685707030,62413701993602213360124914074255560999137215588404640520831844900]
[1,0,0,-1371732769168864528912316009835542177020745118069368220,613803783055199595583846828440304958280332354428751330174744211800187436743792912]
[1,0,0,-191029625888690051133686935580255211169494760,831812283954875946417268268769943692835834466824111231596949889600]
[1,1,1,-3036814636946554382573674488202617987307110,1702877924981253586070960896477851463516218716839635654646626915]
[1,0,0,-2416342122991252807761305863081636713933236418868061110,1434452981653285001752027027155073618816670835331535478406484758445085406931428772]
[0,1,0,-26557087749648754228106329776150155173548335141491040,1663848566459473582615882021627027830309230290844963443826716694202664812534900]
[1,0,0,-3660002257780833525969632065305724576865027360,50311875844998788108586092612702680773654595350180934565659175961600]
[1,0,0,-420887040922692963111183488793707646255630271430110,2696292473553488607788728709867286407155449024103160763062254704249077404100]
[1,0,0,-3717506021120402374595915501779746174787199208809090,63904055373407624521323483181740333719151542890148529040049095872605302076100]

[1,1,1,-99693354254976736309048235,367381667413491416441937241575243024665]
[1,1,1,-41959740466267167794021810255839,101420623252214369655938971034713774891685508101]
[1,1,1,-1165389362066982859390020804572126935,479169098415397603082209745065693417368573098611430765]
[0,-1,0,-23915436403668100957879238210372478564,44961725066137056690704922539092621426845072010929824004]
[0,-1,0,-66316100370037243788808101431860,207787397329581777063539110158423853553882263492]
[1,0,0,-4352472636817242527981668893860,3202806006191278796231716596650711645198790975]
[0,1,0,-1974182441851753491140042260957041544,1067650302694924098203516167151188617468357911014102916]
[1,0,0,-7059202548408453936348405003649460,-205544995440715384038467753747276578744945665206400]
[1,0,0,-3236364326867793561860795581563976590,2240038946953594158835601178135288379947620927515076100]
[1,0,0,-552333041381848469546578260185903690,105246264670604440637332918974955977886070209631543475]
[1,1,1,-223647057021425547430678972007035,1273106313114343201368902765863085728849052445440]
[0,1,0,-4123297792196061474931925360,83669201239698270468036960902365235322900]
[0,1,0,-609255875083793261019303912808600,5769420440641556969899813369432728161558284302500]
[1,1,1,-8007418165950294717261920,-870716437481702091977368984017213055]
[0,1,0,-2386801266816420981220,44845424005663002738546614573600]
[0,1,0,-5334348061487201120280,149721135899592401852463095048100]
[0,-1,0,-84385099279492765124,262973362131816463305769975044] 
[0,1,0,-75345731906887386383040,7956141361808560862806122648470388] 
[0,-1,0,-1621105850715834564900,4979606331160862237085144928452] 
[1,0,0,-1412825737585924163044,15284155642547476371073178165264]
[1,1,1,-20174541800058615341705,856471220529843128844656290913975]
[0,-1,0,-168258761005814873925308660,630726626828906815917748614617850058692]
[1,1,1,-26114391257594216192350319,39441729062095446183464976447530972981]
[1,0,0,-890502303468937724149130,251976732409553090006157393210660900]
[1,0,0,-1009893481532852485509490,307126098316462880729754569042548100]
[1,0,0,-8417650709198283033894,273611860820485052415499040073444]
[0,1,0,-5881112817909257676180,172368599382146998973856168201600]
[1,0,0,-9779547590023543199800,348929743858830658241338918280000]
[0,-1,0,-2791493234428682804020,-8540150483506656022970369599100]
[0,-1,0,-119517739302760276059242340,493654844362203070424193925118382524100]
[1,0,0,-7615466123341469335310,188640502062497898331796594948100]
[0,-1,0,-2752408299758620522098980,-1611469491300450666662632159356431100]
[1,1,1,-457072288368656979319090,117898635812323031230705122524518847]
[0,-1,0,-601167709096816182426749700,5660909342729347649383846361635078811652]
[1,0,0,-4970973276415392436529590,4261112314439353076826126873509416100]
[0,-1,0,-41967143645254581562603277540,2499923757202652047177517799000949313532612]
[1,1,1,-24755262175855280781923864788015,37265034103619296083235936013507719601892332405]
[1,1,1,-277997148495295110798222064776730,1363430168994747642708704333200845201234817963175]
[0,-1,0,-2599204480065528608632618826260,1318051470724882702726660094314375188894780100]
[0,-1,0,-18185256818907344021519822340,867781677190111136236716183849682108124100]
[1,1,1,-2714685581949176342441469535,54440460625181460179771190482209079698565]
[0,1,0,-265134190444488812450005666073620,1374889946621052563466183441951718633784728817600]
[1,1,1,-1666737234575129261770056486330225,20858552697655280228623937828451081716750394990735]
[0,-1,0,-343633641057979504,36692720733182921224013824]
[0,-1,0,-4664630695650596406400,122611657721145018740841654400000]
[0,1,0,-11275024414184475994040,460709013467704417216360284483300]
[0,-1,0,-331999964186328512900,2327612294831641365690701258052]
[0,1,0,-2013664127615449300,-649446586170797281317775552]
[1,0,0,-645065532532048725,182854916195163425393625000]
[1,0,0,-13050070927054823465,16542549296816918233072779225]














