[1,0,0,-15745932530829089880,24028219957095969426339278400]
[1,0,0,-2564530435455464744050430,-774033544664307864229665861908231100]
[1,0,0,-18262097056293794050462967800,947221615382521776843113311413294620840000]
[1,0,0,-1501011456398147086648544266758850,22251270940723503314374317274872523646621572635332]
[1,0,0,-590353702194591280765010561772238260,174588372339329184400865798305984325852297773091859600]
[1,0,0,-30507963373084413759489146596105237240,64489450113318178611265574148979256340153096329702465600]
[1,0,0,-21015960530302473341210266357147569830,17566852216331096945097199161461136733028723845196826852]
[1,0,0,-15343063417941874422081256126489574987160,486503741336910955243717595559583892156442731284430865537600]
[1,0,0,-59654254810332161499933732539083310,936036113034275895945648528397370958419427728893572]
[1,0,0,-153010567793393992556815434658906721140,728501166933268696802867483882463385720151113375539573392]
[1,0,0,-4527869148423161203017834259729075232020,109150076525339545219757428860519443874479508277436337856400]
[1,0,0,-3207498288387657621672732005424372705920328770,68304282772313573439179636385556451355850337924379829175788684488900]
[1,0,0,-16188503722614063108729139735755154904562292360,786863421808206463969913495490892469346874709447053592901366525761600]
[1,0,0,-250878395393474545316759183209311840250,1479979592022167493224960512910755689574299477808903560932]
[1,0,0,-97786754135136291205325201456018300,6192618544071258703787593919472934977414964438890000]
[1,0,0,-1621197495376612287530904105233724120,792688598791865073857094426358748343551798168746190400]
[1,0,0,-7508232300031068945507236861692000278143017800,98536599045907325394109218811543289797912305023169446880249900840000]
[1,0,0,-87306660786172655975387678466748290400,217110378089173582243961228486559615973771263335020160000]
[1,0,0,-28496542442921974135365803597630606183560,930028463295087397876426818791882627215096824737621502785600]
[1,0,0,-1020063221452742528711237053898259919109330,394868843305477898697900385068741989177100444077780447528592900]
[1,0,0,-2008408366171799322006725680352504756640960,1088347028183149020228866231691755600541724741509337773822873600]
[1,0,0,-151659336416513610120941619754231911069120,22664749439132439148133088299158455435686131311858534821990400]
[1,0,0,-9978082456644606532120457534482336270,12118558737989607267350601135758073759160572299571620612]
[1,0,0,-1365976977965875684692597442214807543360,18275400146363694880998794973679939881728339383321437081600]
[1,0,0,-8891010899996290917768386447341722080650,321386381817072190725452682772958817656542992462808507422500]
[1,0,0,-226080057256506952334475656854112608140907120,1267994298469520992966682807972243164162876870777885816396482310400]
[1,0,0,-19561489879503521317374605750139081505164135760,1053053816008115892520186610673109502267446427439678234588062250809600]
[1,0,0,-18247941180734920258951141060855042640,30003290659312870154250577706243953923873222960556857600]
[1,0,0,-125773582955215019659843433869443803612902341280,16545780427234453690755618162313665193883053063142475175813942418662400]
[1,0,0,-1838240947808931779471337512024228981876240,921461984057272856046796380467851357126401246620999428758585600]
[1,0,0,-11264359913045241515885165571773370893291111440,460158968817054512110718150453672468135110101257480852599104548110592]
[1,0,0,-34367500816998636494776063447511909557400138210,2428414475449601891165493234304079149949238206638756110690470656655172]
[1,0,0,-12309388820268938951640127082057175888180422513100,16621666663619443929559236921024628861736270712422298926274118237343610000]

















