[1,-1,0,-1478818379630960182018543975144238479079598870400357903794,21612333371564362906227820064846376685227380006732368388851217276076518563786908263808]
[0,1,0,-126805284556646749335939083075808898286800006041,6437933136993997783664151467830511224300392764380156814845149031129959]	 
[1,0,0,-1209873315556653510389989204544209972082084,331058311839965956052748107957148273288865814054655695750098704]	 
[1,1,1,-3303894515586689289541165506478574062530571840,73094841061617585831898118162636503049865840051589473263026790881505]
[1,-1,1,-1444491707528591356856089186460491195711268950880,559921583779625421248683584939561762456224290170437461555851482041439747]
[1,1,1,-16343354562559064151871130832020659,-42639589563151841387449703830240754991749490260239]	 
[0,0,0,-315631503507622339923146392582227,2072228053755856864158196203880686412361893003346]
[1,0,0,-73574518277152391654805918684486692802992607569057295,7681347096250434784704271660546179938634013485442212852416929087393007502428025]
[1,1,0,-85410148429528838113064973147497868527637,9417959408910091992056619228397233938042315542716439821913629]
[0,-1,0,-29797021265017436449821856011551140,1979714607796490905256544266377400528772910804668100]
[0,1,0,-174258153488574589211899386409790816,27756676145085235899292977120423523763162467559408820]
[0,1,0,-3383044565362668792508854542324233,75737263950801942103904570668638566598532431572663]
[0,-1,0,-50163588986898268948468352064401,56737927985190239949496934742877437522545251185]
[0,1,0,-7977969604102927092836990269613644680,8553536385785243169364523949398289188905449283550594100]
[0,1,0,-162112654757061144790115371548251145,23851513456705965717588828081350863606218774264994743]
[1,0,1,-440474450756994110470755811415987126,112359700106827942022431270950796422996711199577222648]
[0,1,0,-18994872123691599212568265878179540233,29136999095328082299683180266492926133473237614663660663]
[1,-1,1,-1335811801322141513540787185263873821221402,345057444917149397029867455639655112110194631892187293462221401]
[0,0,0,-1492954291326015714936165698559783658632624300,14187300659162023085271540615477301302057757142908345146303180658000]
[1,-1,1,-5848533572998633133970232243386693764441717,5439127559473435124465238874414131991661626005965758256304020109]
[0,-1,0,-1195364158708632186420472502166033,15823209428289198577068263787846917629174435793937]
[0,0,0,-34628441413316884287622589712900994886397,2050733442239504566506670506280666680039951971270942619170564]
[1,0,1,-3407057062402816202952638990971926674,1748175609133884346590293028318269585038956220718284016]
[1,-1,1,-360101972731337871925011429354496534130,2604858022061874854038998013421555177095681435785537340872]
[1,-1,0,-21252276640652798739707819217,938627524108684110053910801619511357084941]
[1,0,0,-383374717580497363154900202498080,2879389675529515659996623813736834069739008230400]
[1,1,1,-1591201661154516965640012774986533778749279758895,771461676492780226987926706152246247692465808604789192609333542667363957]
[0,1,0,-1842106434852354867035220994629886864578848864609100065,962310202756421491693012192799714743169371564622784353396174776042214776954499775]
[1,-1,1,-114844575062047817421572820160664336526651137,439650564496801698999188244677703290388031537458295488008943557649]
[0,-1,0,-144711614144426061955896779720349730467680,20220891873104152843280526596323994702395097953815787886211072]
[1,1,0,-519378513301609953424377996126755250,130980885580496751680483379131500635273640485145462500]
[0,-1,0,-97271487732431202565768131857179608,11591008694901626688530447618552758144008759595763712]
[0,1,0,-6745545034761078593267159160912413536800,213230264476722966741704395996890669153370553043532304872500]
[1,0,1,-19456264985411172949425601033985526,1038625706384719578607695459357140473466593262043448]
[1,1,0,-38571071591410009853076102166713,92080247327630793222539238086556781671613495893]

[1,-1,1,-1714604749904870754796311792512,863987846305894182849576319611944263064789411]	 
[0,1,0,-177811805092842843270403396,908565466670939591164880997140344023104]
[0,1,0,-1773535921942955477718336,892419113191216158578012716419272964]
[1,0,0,-9035181921539049674277655,10331090455438547826922930169998866152]
[0,1,0,-4606624676289246397190189696,113598678161642896194701558402619903762180] 
[0,0,0,-4292197293121987521684762003,102563406884828594588366535559935065416802]
[0,0,0,-165148751775900930482647947,769509705521956124189618772191862664714]
[0,1,0,-7154303033322414272772961396,207987888867609948871673404388414684413280] 
[0,1,0,-95579963030600848576013536,294629049317302418236572527320388001860] 
[0,0,0,-23406172222978952620352987816667,35275722165104375010694416367459957873101998426] 
[1,0,0,-1850530119008207127042731890,22943233038968028247403054507391264079475] 	
[0,0,0,-459164104850925949083307023,3721574285318517916249384572865336624978]
[0,-1,0,-19613351862529095444140500,32417180218045560823093188132585778852]
[1,1,1,-221524013053903269535173188,446695004412134084758084598242369075781]
[1,1,0,-256713612058275239239169224283,50063495182088203255489466307435135598268937]
[0,0,0,-141914560118510666842590063,649593502561127362329127391346645108338]
[1,0,1,-1201780089828535280941830929,15930373701000492601648355896832051393456]
[1,0,1,-11303247961627273626159263,14522016996201389320585192293938087138]
[0,1,0,-15458107396493793445976576,23265483073814739719758614652271227140]
[0,1,0,-51842480912718829051424450176,4369264394238409935774766530920437221081524]
[1,0,1,-27576645475830145153904,1729915126735191359803368719620106]
[0,0,0,-1847328012902153498242621563,29507539334265430770255537905996796279162]
[1,0,1,-2527427104077534556054022038,47355671625689337837748701149990440355156]
[0,1,0,-2095665816571588568797400,1124962987529349713405567597055502500]
[0,0,0,-3100863785002943696173810803,66427343005484655864100186401547159095602]
[0,0,0,-6280507251241335798861762831,186425809547577812432369910732392928652210]
[1,0,0,-2670166555674217082947943798165685,52878128871493544998260665592160035849161863056225]
[1,0,0,-5506040231557883468932766850390,4908472221374778356914283342498849265100430100]
[1,-1,1,-54006420424320643845071809947713,149350163573370676609380429389684902810993129617]
[0,1,0,-1646798478200731455951780206240,810450381726359418240260982572840154346977588]
[0,0,0,-166477435590420718988594907,822409022576847684085477323335087731594]
[1,0,1,-128138869724315629885857078,555277284945263391493519434335136232756]
[0,1,0,-67610525824594003037372633360,6765721856966365986971860849272847750385508]
[0,1,0,-125381643350820044555047895296,15369896659737727744798583569349841806575604 ]
[0,0,0,-3580337493699884709593350441412523,82126769332530027586016964349828016686393237143722] 
[1,0,0,-90484566933849488551552142531,10059776284195031930661353899532163975354720]
[0,1,0,-193936360896469946772176,29453641253718130506136229522416740]






