[1,0,1,-107404730164187455100283304999195859754632145403,48976939778870435455584633601954124477725966045276826839333933204370006]
[1,0,1,-18867784760635242349892340171680238008255587838,997538055692091226068752063841965542145691025244956491303628897332656]
[0,1,1,-24791434545122407462176574410341851245,47463673909255798147742316846176526846664068435304032999]
[1,0,0,-560715933702165990261993692150795879540,5299428030171662962897867758309003693598430128674403539600]
[1,0,0,-73262771788012628080963454016709537315,240598790801630018163569184912325717758514948008409652225]
[1,0,0,-7032750154590180472810630714591592198580,234825110521164672374627005794918283861649641835073217760400]
[1,0,0,-245159698188178088219881294961406816115,1510191009902655798002552220643158891490617937867360088417]
[1,0,0,-35822192130572784206480514296239908919425,2609719568750620065454923921391767461604324824175741297455625]
[1,0,1,-314261798247699281583485627025593248,67755045622702867235372184283705632291457304269577006]
[1,0,1,-2557499874808783579775134722531513,49997987268990292225606516653085266862246125287656]
[0,1,0,-298337765420974027925404974199074153225,2209525297419800283762159062541471723368027978017989315000]
[1,0,1,-81089552755699140908030202688368478038,281263936268193464077589295595406966386314342335769150988] 
[1,0,1,-227204253761112793208000940016487352978,1318089867386926711140924601590234088488769981566633802648]
[1,0,1,-2061966282312748415211387989253532899918,36079330409584890827203029261000439483009603580628519854608]
[1,0,1,-69993120101005305009860092170583378,7639258120193164015870793100033493923516729761682248]
[1,0,1,-51012395091150795883443767656668298,76434974688414573638384904319711864744626666727159256]
[1,0,0,-15075739125931590120183633247999865,719481272914731335170056334451666685290651887623417]
[1,0,0,-420123886323242988442406904384921148985,14547746280073821301806145504809500759831594126734723275897] 
[1,0,0,-2274412631042746230240014920326936789445,41861448474250945269536760003663301866430401503884473151937]
[1,0,0,-3460212184869409462879787098424302220365,76725332182289401244480579162479048671720653011227833006225]
[1,0,0,-5915232167158349511943570504558263178160,189989838940979212731233721328707449324240816328756166793472]
[1,0,0,-2930856110646876366568351217006462280065,61162147490056987962447877881747110669389916249870892297225]
[1,0,0,-1604115720432703747645854436115825419710,24854471963630464651375308856010948374447644530671142636100]
[1,0,0,-435143747768370112106161383366802254050,-1718988230824332939656053494953243446622485861836978983868] 
[1,0,0,-9961897895877072436363696377038852218385,386641226009676505641094591224658839288977045345666728365225]
[1,0,0,-4296561733833813622211765271899645505485,110491051080034418321885623194222767606021500012097359146897]
[1,0,0,-12639274175693629669246799362435207748655,546025924766214300252759666836267029730941947556294567508025]
[1,0,0,-6822056808999168202154285328075085085610,220557528518736836412923854565947623298384352585736677636772]
[1,0,0,-12330133292485949436592445464751904238410,526068270853525264701322899592369976900342938683261805191972]
[1,0,0,1211947908078559188213163163805214393450,12487523185136437111960490242590614939802936818380403902500]
[1,0,0,-10550832125564514944256818543885357615825,419625737407708712632765113547497120508448337766481231555625]
[1,0,0,-347224739173438611349143152475095606405720,131243904079630053502971198622754870300832280107569949516942912]
[1,0,0,-17843714757132874055011263134593557643365,918347652275294697563872916161846113738275813342846617692417]
[1,0,0,-52511008932588540734880878160900060971565,97380634788478317255437122176207105241892655674522315598342225]
[1,0,0,98978303519591143407307037145293552090,794337445180275349451540964168292632664086352466344240100]
[1,0,0,638371365356923079870386876943741844375,20030368902810195212582937188953841745810795518138076948057]
[1,0,0,-175743527201228400282498060739701250,20803849458555294950424936016610860362724265150562500]
[1,0,0,-4896051339671660713324400998980395642445,131569862667060107081557431308017075692434207520531963899025]

[0,0,1,0,44182596082121121317135170025680399046545625711306]
[1,-1,0,-4536184139377606759385840064,117756938515259070124029037981449282901220] 
[0,0,0,-2902707625457545077500107175592,1904597097766869546326844055645258034709879849] 
[1,0,0,-19381405000232295858279660,32840137866325074034091731864481219472]
[0,0,0,0,4692726937524378378756566939402025]
[1,0,0,-38690898580374797692832240,71645473412331804273266091664555065600]
[1,0,1,-12837942817555687537193,559879351290579624180331147258556]
[0,0,1,0,87299817093221362429969788356520]
[0,0,0,0,30457819633596695100179965225]
[1,0,0,-681179687329862935396,6877345661595357821090874031376]
[1,0,1,-18922511049224630228,31686836332788381734601386006]
[0,0,0,0,3016379149728660400142350912959846785025]
[0,0,0,0,147030510084918957720971419130560628730225]
[0,0,0,0,60671430811931370152283076408801110225]
[0,0,0,0,19988905798337416857887750048967131889]

[1,0,0,-101802374223975950878048695685575,423441144264551283172186925767924238963073455625]
[1,0,1,-4213613959455,3328416232976793662]
[1,0,0,-31931594312439500340,69606680279441891519909634192]
[1,0,0,-286699610291764606928838,59110806824657235777329702047745892]
[0,0,0,0,708291392738196762720225]
[0,0,0,0,136677874368461861091875625]
[0,0,0,0,169668019404529696518779025]
[0,0,0,0,1445887233929012173476363837608705921792025]
[0,0,0,0,301359421157274208903983634665127715652225]
[0,0,0,0,69138874026594049497777557929883961]
[0,0,0,0,9838490519720684837781572747809222948716234225]
[0,0,0,0,1849496130345279660785418100862767969]
[0,0,0,0,152723545143455519945088904235486565815049]
[0,0,0,0,690692889755727249719717688458280431156686225]
[0,0,0,0,33369130174946127176878019982225]
[0,0,0,0,38658753177868039008353847582858239376760572225]


















