[1,-1,1,-244537673336319601463803487168961769270757573821859853707,961710182053183034546222979258806817743270682028964434238957830989898438151121499931]
[1,-1,1,31368015812338065133318565292206590792820353345,302038802698566087335643188429543498624522041683874493555186062568159847]
[1,-1,1,-5402916719086617828375837827547110441856966557762,4833725859886565634383924531696717238724057019566476908693058963652612161]
[1,0,0,-26175960092705884096311701787701203903556438969515,51069381476131486489742177100373772089779103253890567848326775119094885041]
[1,0,0,-1718612993735110076283239582307203184558215,445677626128337788660554947611110167094039534522619288819463817] 
[1,0,0,-131092767138360259739530662694875901594863,11513825206543517171066572416002846205241167788788151682092217]
[1,0,0,-15084248699780772863935958932958691919487759038,712998263524553933194323224272640402753488391782195083964735452378692]
[1,-1,1,-269916603713305961974677825267397806186165248207,52919898978595790008822015260251263804547347101931081116667651611487895]
[1,0,0,-5683314401210621492911632703706655785381168445,164890848036318916388498198309479413985191764686997097959363364445041]
[1,-1,1,-430296049749789761073413883308424711159706580,1337861518400904123211779594356237371160319164544826734391001349047]
[1,0,0,-10363846234372609474021228275773377224259738,10412633142849975752506070356136680338076754827045078931231445092]

[1,0,1,-957089489055751752507625259831765957846101,351598252970651757672333752869879740192822872602430248013582348]
[1,0,0,-1243378215801409573671681394724148505836465,533568551747456170418786926292796873632980274337049541031491817] 
[1,0,0,88871190402766374892305201263009054,3984685924354438849515723880588291198007040526340420]
[1,0,0,-17849664414856321688532880703583568631426320,29026120563785158608387957657788008917376822051452774596151718400] 
[1,0,0,-471959138426677420722309989289772596091750,124751636856485490330319407549080294592546759914600508504125156] 
[1,0,1,-28204247479665028137881824355126641095631,1607628613312482130477520396860594598897534891797451337504758] 
[1,0,1,-51671229331059644891666297654483243,4520596773662388877346447309051182845388785311959658] 
[1,0,0,-579352424306143750269326367254022350,-57305844527587581171925109677515882551564446162252284] 
[1,0,1,267853229754852595376917238570941410963001621467,170558547185604460032465298983507283645349525870236517451642935548238068] 
[1,0,0,-196465475161695260241191786153619014545241225,-60082143680753989869605925276848496067056532671061605793936509543] 
[1,0,0,-1778561648285876253264864713065168662962870,1330436329617472863597139221866207954812165565920030448022583716] 
[1,0,0,22461831362529182584186836961913400462,99681757298539603818055720843145922688167002101080034692] 
[1,0,0,-53380463151031517892334218440352731688495,4746640874350051847809461015538184892459778801618641227879481] 
[1,0,0,-30082139823936559483905935102688940491458934663,2614705158611963590952856462176361058450781199585405595471549728071817] 
[1,0,1,34318214642441646362435632562579908747,3184376895814127197244886284686214848599453811643486936756]
[1,0,0,-44983303148372813062091588735006222790,113817052678905764015135842208733506900505149372185755492] 
[1,0,1,-9787472643107005523075719618421934671816478,1666408105881456642404124109941261415712089105209504669167254756] 
[1,0,0,-38064598122520711827608887857833864769365,2856369890490724644127902394897782785656508815105789929216225] 
[1,-1,0,-47377997631934616131259094,122064326885475393485584567015835076600] 
[1,0,0,-51106946802276227168271274508580303280,127511987670191066099774598999351078737626128769504582400] 
[1,0,1,-64190352133650606480221565034283908,6257960443183058651654529269954235645237394699230806] 
[1,0,0,-216076975581241605290593269610764674033899535,1221571297586610208346770805381771300462584021696247498228323684281] 
[1,0,0,-3832688764917421379334667773551764790415,86844083576319836701329199109169248733271425836097421944441] 
[1,0,1,5951426409500892217936031442603949,168382775057670806272015446735529656531537361718498] 
[1,0,1,-1845405794077345534197002132615516017,964836926172330152442989919849549759511718286466193960] 
[1,0,0,-1191804730500424033925604503925418545,631829803982594793008749008719966270203629849711747561]
[1,0,0,-1573649343823368540876031311163,759700447776441994545662848372757124914524817] 
[1,0,0,-2360001638573495470166776973829890,44062209861456503824552700986268012124494211867396] 
[1,0,0,-29839290725011012608171999345220110,1979236691612664032853709351618739821303730471684100] 
[1,0,0,-52047907302382016235549131295090894646019785820,3765690091100200058431161279696704551339371810396491596556107365008400] 
[1,0,0,-4562085945883852510841543387549451275,3745932842931265406265852327213395046483588868755572721] 
[1,0,0,-895188084269145089286863460663926876363,174411902397937497301876066491132779199450021157173123695217] 
[1,0,0,-13397943136358263756130318190185,18870818293000775719167980823166925265792205401] 
[1,0,0,-26203137369313475904909479991597350,1632588248343784552178712665324524152998828231119332] 
[1,0,0,13842139136873585658473535883368685,2310578587702287143012929957420435535344485058013217] 
[1,0,1,-14820294086928440424633522968703528226,20765370987006393364428714101869184104544076455919147848] 
[0,1,0,-1692310759026568999140789578145,839379398840982294584587970773038145228669599]
[0,0,0,-12980282175768890811438819732,116802985717915987899448766677826872704944] 
[1,0,0,-7372911492530406268416156245,243594391906613268628507257344604677608161] 
[1,0,0,-9468594009199910821775026235,391555244342706113038825183927385153742225] 
[1,0,0,3316490747528662771547963488767495,73682323027772693525742362632573935085905483165177] 
[1,0,1,-12949314925486190388475166345996148,567175248136512872178139054853895538293674461867078] 
[1,0,0,-199429807965769527099340083105123887569092655,946696238553698249107052023781560988843839015226125020059567966777] 
[1,0,1,-1773871677446826525005545991723918613373997023,28749498729292324150415916003880104290244501502154076094544626253078] 
[1,0,1,-26363867662083075045300295608,1621855500711191032644827748500946408874618] 
[0,0,0,402599774387690701016910427272483,0] 
[1,0,0,-364003597619839345303475845,2661752594229761591647083926409872269121] 
[1,0,1,-61921000404140250035010966476,5493922843641638281057255866260479093623098] 
[0,-1,0,-509950789086030314489955920558837608,140130321779001521948352158126853977618474636223309712] 
[1,0,0,-171200986856092494838171586102348100,27265121712499053058689490946092296820255657246754832] 
[1,0,0,-1509728080370551903948467456595,699861599603435695418146285237400317340485025] 
[1,0,1,-101715916348577317389705969215206393,12481057169848342962649256704133118757859512528137008]
[1,0,0,-91850566882818096919315,1037306571339910255836508005644277281] 
[1,0,0,-54577758097861548710739028530,5829104169635539327474318664633772807972996] 
[1,0,0,-1987692401077923895199708829309,1075883914107800804285521609739811088223454705] 
[1,0,0,-47847763372758290648644402243255,127351524490807893375157005788342713513098443177] 
[1,0,0,-7563016932293571961417207451,386369359779887273958016110137382888086481]



















