[1,0,0,-127381738643041574974581021420318985,17495594046612039766866496413577998621609407092547225]
[1,0,0,-3913976067656937637459249967383835,80614222594310898664080091661625700445673557913297]
[1,0,0,-2494386716254257179900313435657471298255,47950428811853578302303100075736441050437846119869139884025]
[1,0,0,-186734461375182851611482374885236743900,979124235576847382684597033191041431087287234552438410000]
[1,0,0,-349960450236374537044731366104096847315,2334228106621384646411703013971250553516398106559474797217]
[1,0,0,-112990215345279616192969388342207278250,450679052475043122152258628678943621649365601242615639716]
[1,0,0,-606341743349993803027157758323354789555,5746776413116429159936198290812862370694589715823570957025]
[1,0,0,-19194775548787283845230607299614214311678,1023582059693167156639765281299410390763594972426927678761572]
[1,0,0,-6235503349706099317232119038151880529845,189419104701643513972219165960187230267385337379886707205025]
[1,0,0,-10473660140875584389345540158685974580330,404522597629437110022875275775819960239486284577507418898852]
[1,0,0,-750317650367394301235970310370497308826620,250157454864721027465417103055839870833708995946817266393040400]
[1,0,0,-1839418161391200701592417510440894309468480,960215688236954682587978137650987794043787450549032912088829952]
[1,0,0,-1137101178706193150632089206340193771499355,466728543369983412885999265867724342532601525048077866954666577]
[1,0,0,-4040631189456765959525697667769593962529755,3172404897992753976431573355142695271191051899906870074173299025]
[1,0,0,-47276498134436527849525960367886553344290290,125117091786735364804757114439441886224113329551018090356929775492]
[1,0,0,-1790884818544248483549671834829972593551295,922462585059738754152984400543095956097213785601785710185488025]
[1,0,0,-1087058217198170551357239166185336734649205,-348313390838489017000093754927310755519988091697835549933005023]
[1,0,0,-154954755728192832325573450693397812493412614805,23477626369643382523699316208284935358727835083046530063998476781660001]
[1,0,0,-1711638225368515268323064650709174068985624420,232210627709045907581719449979884580568084565196040134101664308272400]
[1,0,0,-62005296485905798761970207550045463250097454130,5789532992807304372367304652589285625132626611081197926062416086663076]
[1,0,0,-476068293055332770677811963638103223072793289890,125919348478903221572038949960367157753104905766938711419921050188845892]
[1,0,0,-102357121579914188416626387471212281192195487785,16882033617390298666180627389186843640259490565173172015051879589003225]
[1,0,0,-194244626848842496975852314384487804134488971945,37836614076244330213038852559652431783659307125520407574760926787704025]
[1,0,0,-333869948828740802854329951914653442137141829455,74193728707898625969934095384319220186640266881824137259466129698316025]
[1,0,0,-87748268296475438293863393504357096119405144407640,316582473482499514464268410652046626899764680048107778920719333992577059392]
[1,0,0,-662057554395863819655,6555937806015269208934798118025]
[1,0,0,-4281263352573652971565,107821663654697042219512111579217]
[1,0,0,-194893737997038726814052934940,33116538928063906147760473209688087642871600]
[1,0,0,-489947814397230700269047753,4173986155348349327100911472235093494297]
[1,0,0,-1065792807399105888102105,-14138522318461624729140413052612423]
[1,0,0,-184412619490429624603376436635,30449869006658311731557296945588399421430225]
[1,0,0,-1720200171313840213498718405,-3751937785045595550204425248421402406975] 
[1,0,0,-10596063090767790103,20246425576229652155786091497]
[1,0,0,-15875150677713173875,24822054816914290733556790625]
[1,0,0,-92677956255664016180,299418090541143369157794628752]
[1,0,0,-255845251297258429380,1656026164827548903395128129552]
[1,0,0,-66668901366044310944470,6625719732081856769026747158085412]
[1,0,0,-333848836163677156595,23118493712440422090809079478881]
[1,0,0,-1139407008286275015150,4292069755092734127597502522500]
[1,0,0,-2706794767207398160775,104036717500887330936430796523657]
[1,0,0,-85367971368866370224970,9600329958761086926144205117637412]
[1,0,0,-2868129375368734318380,56353767705358492933999767345552]
[1,0,0,-26807678961979361599180,1671973481886398199216900733380752]
[1,0,0,18102609072937378371095,2391315383141885864187311821586777]
[1,0,0,-1072509749585005340703485,427513459352382138507725842537962225]
[1,0,0,-883386649322495701946465,319496253706806704712837565584338121]
[1,0,0,-578032640617033128241903,168987816077776276363859737591053497]
[1,0,0,-494272503533200381660985,132893239202578155784198210732683897]
[1,0,0,-15325167875235731315350450,23091703604460609373920789898685034116]
[1,0,0,192796122563125780368450,155909350241595531287647769098776132]
[1,0,0,-7649243335383073965811655,8142795550383366515479921899421152777]
[1,0,0,-40831178941372542828065222070,3175629333206587210466338025198789238575556]
[1,0,0,-3167417955766446777616642470003,2169731181079804686115895249944813736109996897]
[1,0,0,-14160511348505020530242089048319085,648583081924884489422144357690310684311298281049297]
[1,0,0,-17872399539372964708236646896139510,919649651172241073723029335429666977203870924072100]
[1,0,0,-241674368637382436130973196439385370,45729241997248669057664305104858534991896264733452900]
[1,0,0,-11021417385938715332603261187894955,445352851144395353746731567265819211866421289871025]
[1,0,0,-38875889469082213659860930876707285,2950316463860325033045384057841591682836609405168097]
[1,0,0,-71257460691961675173754316523320370,7321390120337424024246609088090663066342591280763012]
[1,0,0,-4238819163950333612296472587853300,106220970522341035586146111878778198927882318975632]
[1,0,0,-220359657496467741418150313873591015,39814921951574944336532299033911263640999340112193225]
[1,0,0,-1829791340653224667774114991260030,30126481652601492426131833796965804347432944395076]
[1,0,0,-78495183659714260569230485446839778,5272104352807515304061804334811509687856386729800772]
[1,0,0,-2707084078782823399463620124873144405,1702941498964699709396875520306791902694958494215053025]
[1,0,0,-5207948535449509181956620222384153276635,141731197956455666679691319855852979111513623376407070170961]
[1,0,0,5293547134850809824017490,6826227600095067112732673622930895236]
[1,0,0,-39701107025795917660524150,96283534037205796520906829841806833316]
[1,0,0,-2480326241012580304944925,-1402906396176513515346594129482119375]
[1,0,0,-3793122382984646673201565,1974201166254477402446876557520899121]
[1,0,0,1870492062399819849103795,2286281039061178286752017180059512977]
[1,0,0,-2131550042943031725358974350,36418914581477208149806309881617631907332]
[1,0,0,-1435983599532108719724495745,20753472873396097403723003199124449840137]
[1,0,0,-2446800403624787148272921600,45778092039845990356291117513520578560000]
[1,0,0,-16279724833902226833099679153,793980497406106755832599857244880504971497]
[1,0,0,-99044688529404975515677803,376740197039794337343808242206739093297]
[1,0,0,-33409871049595789493438014860,2265031895782925431611293693882473023856272]
[1,0,0,-95417202260747608424522150,262438432730862964443787004759716822500]
[1,0,0,-130476053803276486484649645,572856611649641795861855406275159027025]
[1,0,0,-325430360660257035211580,5091489639774218456006931737233040400]
[1,0,0,-5326844044032061890662494615,181258498775060395380874546926076987997417]
[1,0,0,10632839892159041612719430,22657953328196959760173568723050755812]
[1,0,0,-1197832954117748094446427078,15852620368947956323573112891286419927172]
[1,0,0,-226699248793198320090525,36451011398146777593145443493400625]
[1,0,0,-2113588117957069801838332961615,1401523903710961189266988195794924314026431225]
[1,0,0,-147369010711322681744480185,-601670947958851357344090890325290503303]
[1,0,0,-1210379472580801037844903,512387361125615445963204443072148297]
[1,0,0,5272545770401481889345470,8832858910136387982635338300803944900]
[1,0,0,-2259137098274533435928235,8523533695768703995463161323826782897]
[1,0,0,-3603011520783270803788210,2161759112390879192155440288494356100]
[1,0,0,5908460959676333713420270,12429464174119405709078869317910249476]
[1,0,0,-10098363619404791332162325,14101889709200009208305551303184629857]
[1,0,0,-12484218180691912023915860,23327036655267801149610539536041040272]
[1,0,0,-30215566721656927350766565,63845087369037367315870359690976692225]
[1,0,0,-34603490370448632346424570,78347452820825831767531374479303971812]
[1,0,0,-1691224513342223527148939835,26680615083036163890588874750442364962961]
[1,0,0,-2134425605477022095741422255,22950458237674939532853943319704480624025]
[1,0,0,-5809553945548097180330936395,79917847507735185793053890322755946247025]
[1,0,0,-145895045176748655715397556450,21424713225425020220083793116567600010865732]
[1,0,0,-345742094100446485436908881610,78248087030579024156820464655302964840184100]
[1,0,0,-1649319451127709410381250443395,815272754900199160875071385169431920901564737]
[1,0,0,-1840125631182437596847003396105,960769760673675322147816906938110444677223577]
[1,0,0,6541033451929651740394059060,342634908698596598638012299260485871127696]
[1,0,0,-146855040649435110072971383895,21660801972374678995680425696340934734181737]
[1,0,0,-234641285178579425694262588160,43296533624151986620881498459788220914457600]
[1,0,0,-1243223868381590639185048699100,533432543666429173339376715654182488572810000]
[1,0,0,-1535533574731160493603735737760,305689878643681794013681184854590691457049600]
[1,0,0,6215637238957796354592397900,5410032000645730925330020513374060233330832]
[1,0,0,-458778180951288801735133348085,76260643384786506397564064547784985879844225]
[1,0,0,-264896980922319400237582843430,52168286784325563070348910812779741619323876]
[1,0,0,600497577465576024013480406440,-66440136338551606968721873048473565043732928]
[1,0,0,94706272151731301012396693050,59994546910041286570262731275290036142117732]
[1,0,0,-91564544300291313593788076915,-846087973531608854732815719201615762479775]
[1,0,0,-73501536454742569210792610230,4214756116428460151027365021311414432056900]
[1,0,0,-33203829041634697547391437695,4628236969850606474172342983150717123014937]
[1,0,0,-32583917974166598527759227765,2704735273447412419379674398712690053258017]
[1,0,0,-121742801858876175580487838380,9106312593385081180859158136515307034352176]
[1,0,0,-608908485854584438061546155190,169881004497677065300402230973716494050333092]
[1,0,0,-533800709495763255903138777125,149953230423377060428282633780363808501390625]
[1,0,0,458276662833075015242794212550,9389135584666280305178780644105310110728502500]
[1,0,0,344254542927318752576865703420,6776821802504723734126192028632878827570126352]
[1,0,0,-99084362485591589092907737100,12004804362068322177320995996166817880370832]
[1,0,0,-53175182646448982634917870,148831825068400959724189395389278203012]
[1,0,0,-14006065039560929169609643425,638002401175414361429607337974351820355625]
[1,0,0,-4411278085770496675500817005,118111500868089424208219010824758994286801]
[1,0,0,-20057193028923924151408002453,1099906819116388159960580689014886490988897]
[1,0,0,-561492971046802549449135385221200,5121115505102875145590020455184344042391890687232]
[1,0,0,-11343905177123822620755687175045,-3983502885048515019140901226249648376079529663]
[1,0,0,-13494038328060943371631891783005730,603338366400860834935840770815757195641059910936900]
[1,0,0,-17782476581771407048750543755230,28862597212475811734896142544948201274441984452]
[1,0,0,-1226444492184203850511228310313070,16531793020058856920505000267113594700487735520900]
[1,0,0,-3969706228033862493448770151555,3044841895052891487437651848227601465018413377]
[1,0,0,-1043151842493411093151082232698440640,410082621762217363350890853503901150864455798195097600]
[1,0,0,-121926483196729998258808957720733060,16386685430850020153000358383600318033303796060675600]
[1,0,0,-50107273123924732868868637637528089290,136864927330665042903386022260773432439681561919274232100]
[1,0,0,-427137615280738382663108585,3397815850416943006878184135193702142297]
[1,0,0,-183216187136534262043404110,963465436550509088039018386333619840772]
[1,0,0,-133983532879288140247574465,823443965853545166244373007656596103817]
[1,0,0,-16063710318140578822161011800,783640565283866640141324392711149883240000]
[1,0,0,-4678520198160498424396858550,143350895123230863320137732461747895284132]
[1,0,0,-41986504641522479520561450230,3289742830461789319759166359554074599564452]
[1,0,0,-248335331098817316671250610205,47457383885704778743317441788800478419228977]
[1,0,0,-933450552229139506293892380430,-346949119899898380964449835765729115066031100]
[1,0,0,-50990749716623265606902237465,4424532211302347932780364862745551337959225]
[1,0,0,-14177824164609889207611422615,670968148773316077297987405840294839769417]
[1,0,0,-759312261767826374607025811330,254211225813421281729881845005124352297862852]
[1,0,0,-553155555966463542957403280105,158345469816530432780403858579348265180319577]
[1,0,0,-3636435703025862488261121550978,2643739994795650564197214626204840659224847972]
[1,0,0,-10359453160683201662616515812800695,405838608527437906064656071809779711263839986496937]
[1,0,0,-220390483813928768312607548857370,1220144097979683444549311154610384685976750732900]
[1,0,0,-13497464227081791660959597455190,15769601628243927128921337366518633060070733092]
[1,0,0,-9595101654169822845129538525030,11529530792170221956797911987470573262555175652]
[1,0,0,-290341365926893955858580556393025,1502834681162301583516579787950673729815279775625]
[1,0,0,-3426095658744800810344112808080670,77170786466425846496919278833745823684158124047556]
[1,0,0,-17242228237002206877333854061557340,871440914896576530012979639305465773385098604865296]
[1,0,0,-6764885347449940924390209877805853,205699980846692634430011297123771342100556986696497]
[1,0,0,-1535239713714526556731870431123515,23152964872265995965235374187045472044372251856017]
[1,0,0,-121439171950857032870481084373354128,16288612126875476859576995529510417304573329358908672]
[1,0,0,-14758226693146180793291115072612075,1002582251282555006884114646304059103777013678580625]
[1,0,0,-5020351996919968127252008383162928365,4329615953987801931683224442211327194760033035222646225]
[1,0,0,-102136311052771139268683138562817555,26398300979665298868765656779270223625692337793017377]
[1,0,0,-32069010437070444727471013763259064090,69878283331141236222644293034563408249932491101726126692]
[1,0,0,-243793445552461217885337288602518942785,1458609629586535796915044124605960501013389960426000953225]
[1,0,0,-205713712424839495182187630,1135645897421162263400172079715907730052]
