[1,1,1,690560257169377937125059126423812540,-33492188518937203020097127431557287129957999127407035]
[1,0,0,-756828185715435657801375588494450478688880,253401847133358152315350001760510755926602193561212158650118400]
[0,1,0,-11849634571550798667743047864720,15613761915399875450490670165233536220551598068]
[1,0,0,-304241169811532712979315990,2065986446448965089594679105215890328100]
[1,0,0,-476388667785943389435012002002520620,126543502804781110382893072580356730547061880243200400]
[1,0,0,-3561865423528009610395543810,81454964632284157241813402084313871228100]
[1,0,0,-480510101420343678511903884,2444567252166483991593076470098546378640]
[1,0,0,-4271691045320482126621379967109933780,3405752246986521064914214812675778553292700806723712400]
[1,0,0,-15431325141995640971648011388750,28075861328873003447771017200972297203151562500]
[1,0,0,36206619016320507513893296274455378004840,4164017008409107952186593775986362717428213475209847776897600]
[1,0,0,-65757608422928824814414058034068422990,205242095780348539295058638592647749404597811660012388100]
[1,0,0,-19743860929325035502863459210,4096735464261663217563807627752085945979172]
[1,0,0,-3311208879480661613210248501333720,90685812410781204721505439347438829261545665934912]
[1,0,0,-14308480358642264809261681298200,20832355619626831304182830954139201872779240000]
[1,0,0,-18517021882744014923118961383526900,19572370331271742985622541294683515971125406951610000]
[1,1,1,-102395458352937356410639152133170,856158496702096425441260926362420647519951478207]
[1,0,0,-78282589422876534310543926547680,242679292548703638017812138671209901736667366400]








