[1,0,0,-4422329901784763147754792226039053294186858800,98943710602886706347390586357680210847183616798063680624530387016000]
[1,0,0,-3531474678706925407855636725500,2548317483638211729406118411284184511350250000]
[1,-1,1,-42403753582533569425032932,106274144228004532427905140464314177031]
[1,0,0,-2749906390198370341509293334209840,55466178854972875780766488008304927128432629217600]
[1,0,0,-544753256053055692212823356675,154756127532691562955214620687209364995464257]
[1,-1,1,-30148261392223353627371003927,2014844441907862958757753840141478478229551]
[1,0,0,22560435880391339052664320,540479833226131711454100721381679986752]
[1,0,0,-158650177283083359834494480,2975550938225630369228434206177421574400]
[1,0,0,-219359669833758885305830876,1286567133009306197242813828876596893456]
[1,0,0,-9133867357763769559583815213550,5898928970001153735077443080836755542607104132]
[1,-1,1,-9215871878203448910011960927,3132784212945409487749240767092972677236551]
[1,0,0,-419501639045238763836050631283075,2842433978740985435656965438988809420534955137857]
[1,-1,1,-28985104452130882509175487233531337957,59921356539427696596164876188354027506205686554765141789]
[1,0,0,-12100574837935299530348826728260,12237572864806256968480175273606363024430659600]
[1,0,0,-2898719924159689672493727108121575,135465904775206154649829932775967333485406858566857]
[1,0,0,-338842502244755458889373539201900,2400433946203319241463771173720705835728491610000]
[1,0,0,-20150477240107808836826538345040,34815737557101743437756926816460813616604276992]
[1,0,1,-868617475475590577770073244067064308738,9853509687915893717709967127954972326559957860978482738788]
[1,0,0,-68021331721440342043360469918787419160,215696772000462640161957242587564687720033649820510137472]
[1,0,1,-13184052888052858947123730529816438,582635712328002480125681053265241197284010770898156]
[1,0,0,-274487462300394921534982610,8088165170962729493476703355273008384772]
[1,0,0,-1819834111904825898485099130,36464739063950913898627050323570640110052]
[1,0,0,-150145048140178517153801000309900,708132674328288274802558689001094787606855866000]
[1,0,0,-221258093304676096682976578348180,1260872658744531513722247229469983431998017036752]
[1,0,1,-249330946882044475428580013580758,1515347918712754017203406150167416224963014315468]
[1,0,0,-10765597468846463769989866234784015,429437215963429112259250987840325055982837272783225]
[1,0,1,-61702104237947860196526986986138,204569139954311721919470430471356240484023032156]
[1,0,0,-292332123376858729855216713444859791000,1923979295088130189073975409299432487933245589378532386432]
[1,0,0,-368311005290957023970056723656617839660,2991562337028224568521291841920383470993353523990000259472]
[1,0,0,-9090762577164435886370784189944067660,1847477618017380107957106443783943446041451396851347600]
[1,0,0,-1058306588646713747729837253600796,-13170172426202006495584011810752117863858516970224]
[1,0,0,-4371082356409721600147888899873485,111227694692608628418999682284467162597490459882897]
[1,0,1,-505211981698889389232955545175666638,386585666729481477236523047724751075048363702079574656]
[1,0,0,-4647108016146476298277842278575045,421469301005236093566733738544111617060167084070337]
[1,0,1,-914867461880639031040087262777378,36673403428876500284328254193985931160171307304756]
[1,0,0,-536789595575465409343981144743134382750,-3308857398920275841720234966526320716565319402012239563068]
[1,0,0,-12795536947987624172963879072416,17617116008605697030305540872825070114057601600]
[1,0,0,-37727535210879763033559556206491980,1315555487469516989897295205531431859305835856072400]
[1,0,0,-1206695956028807525728221574787589130,400018520601948885677238421961394551765393619793558052]
[1,0,1,242613277468856567568770964713122,2296065019486513214147768546803320753737832836756]
[1,-1,1,-108602416269007156337692601013988599572,435619519256667335772068906986097244861364762892400124919]
[1,0,0,-136758485462712161965680997660998722951250100,615572964076973829651047790525744953455537112061436953925691122832]
[1,0,1,-7519252981341224622470545841330915534,7936151311157164734917847096649413205684161510782408996]
[1,0,0,-107228048655855252978382765773252299824120,13506146313796641511551400346692686149883254675408293650190400]
[1,0,0,-6591748957864447564450856465047169650,6514020220123681844736738727062161271938118115517446532]
[1,0,0,-71199928138191294119578998748397377070,231242388479932542711508129150401140150629088302571431812]
[1,0,0,-576474958964749469059294022819042482637100,168468529143571779114041971086165090298387775566071563833410000]
[1,-1,1,-221055242947662733823007608080261831130543,40003624610870921619088966861375087499199719739023391948458807]
[1,0,0,-9045135584417178890689102424113498977106700,10527975287210294929598449696926655748632274539165707271266329232]
[1,0,1,-64593234737960731051261863124601622013472078,180048942933640763515855536831216626365878970592847201582978528548]
[1,0,0,67480978902898780681743972945281211384844,40006536200525099920202958021898188678202358391628270833317520]
[1,0,0,-3580475213627851258501736213342341810,7967547480000919668516974521594904510435867601399933572]
[1,0,0,-289657588849899919843697062256150341,74314849107417746343194036230358648195157490236003521]
[1,0,0,-28334079636969549517161253711039163140,58051277161191659846604728917542849755283879594840323600]
[1,0,0,752739387948905055833055282840072008935,-35160249719461013974668850956156357016840327604093531672775]





