[1,-1,1,-184499078723795351292402856849265045735050014057471578105,964453138489564009753345308467213074059220517883096279979317728176086605791569407897]
[1,1,1,-62567866563741209951076219033072398452307404054845393938,190491265471364425314030862500734330699185709037646180838115059299563818726701936031]
[1,1,1,-284223355086479201781741517789301698531784400402276823264,1795273070993309604429144564052942175172562915080364861669114008722745205559477017601]
[1,0,0,-1086750289534747727483801311783198679020964,435973165715323898311705750809969552813996511661336976727731984]
[1,1,1,-204436185783252342785934887233210383183371840,1165977772244037776901948451219544033496456897571880326934385121505]
[1,1,1,-10920091632464590365831264648975539,437651494057993449247068775775947593191303103178481]
[1,0,0,-615411322294732283803288785027250860840,5538719221187391635372324416383813743465156669756429313600]
[0,-1,0,-28988736544619415368095370719165120,2092184664137813418988486724511221531954993872509532]
[1,0,0,-83598958924587909464854346830766301770,294558475635028689022196236625520239031964650641823108900]
[1,-1,1,-6733405851080577415475454221932585499304047,4800325455798548390824144090920449266363788590480449836501600119]
[1,0,0,-16807300719676114741159074415663219985838088,26485415853243610398964585891912523713720572243019985442333257792]

[1,1,1,-178794778214407978859461188,919419935068616719030140166742670899781]
[0,1,0,-110907705551334904313030730340,14209200477703631816262785853057594833158688]
[1,0,0,-1281493142199716912383484016491195,20908478821228455374087389955630487236070347099025]
[1,0,0,-760145319394626167366827836801635935,326380843415620023885693187007160075335038240252804697]
[1,-1,1,-1438890788668364715460404815472111782,664238447429240521151735809720974728393274982519227189]
[0,0,0,-2901413377029475814340493444042767,60112620677766830193510638729425884294374453937874]
[1,0,0,-469917050010248316855222453915732505,121700328613583346435162710697715924409177216507045177]
[1,0,0,-87362539812439413437833065426284,1241608478171540522727605890546080801398358040464]
[0,1,0,-18930547595582330633859100826042865,743333575262731208284792941763359206829310485395775]
[0,1,0,-50491061391988204405194159029361,135663699587915859546796760459040265253947368735]
[1,-1,1,-28562016892450236469278130528841147,1855604032124054096684337837801147788788173909411371]
[1,0,0,-1034642810304700336989303292996335,27194354320720666208457979454230524027566043738297]
[0,1,0,-1943429743722969114553996571920532980,14884792023408679915420022260951621825514385918921561728]
[0,1,0,-38396932203315800018086858812203832603560,2895935359083517194158307262550771514346143693455215925052708]
[1,0,0,-791410724196656192877500062111,270985332491881387056053084997768958465063385]
[1,0,0,-166949722612780501168288982743613641730,834840766609103026403820802333562999484076469013075040452]
[0,1,0,-205496172578185251395440662829934785,11849852981876652616557426694362320162271429199181183]
[0,1,0,-246850542450447117600763943437460,2124703140418099231592606536930952455079436940608]
[1,0,1,-1742907593966990756845614,884438686985072950763948120250518212]
[1,-1,1,-176620653974058428143264127,903414674763811890417046406006315779751]
[0,-1,0,-63101137631999143241257265,191341468112384598938400129107933347137]
[1,0,0,-3796945199097665047266867217657570,90053238757721148532503511375148048023191940383812]
[1,0,0,-483725969460602178479334521365188,190358540102254190991536781247531330227214704382992]
[0,-1,0,-16275673326928004830300499825,22374180470634970227928749712599947693981025]















