[1,0,0,-37680956700999226080263982005713090640,-36992898397926078743894505902555362159162611772488902400]      
[1,0,1,-5012222351518888614250804048874855041913,136464417579052941096027626504118630642626009794008307407656]
[1,-1,1,-106400353230449963598965706612473537209115813,422128950019755721902266808708794939178991483786699178861367557981]
[1,-1,1,-11595592774044457871284428924350937512443357522730417,480542453538711190965783397398215616559186760599243038811874075581447924343009]

[1,0,0,-990429690240960203866170,343844266388187332499781887080604900]     
[1,0,0,-2353799432200918732090882185,39989567111692230080439457690563434811225]
[1,0,0,-59964332656283235183736182568175070,5262192586204697880378286484023061659919913201000900]
[1,0,0,-3150412655044310138959718911736,2017307529136250088009457662898185285042999360]
[1,0,0,-1574953367944818401647093988620060,22354378546192575469417478920309874871779369315600]
[1,0,0,-14381792753033634870375842403810854602660,662806499738374270959359777990475800630625702118528528547600]
[1,0,0,-131004709010049976906075974805380776438618525256030,532804231132851068847796904272978574164851588764408546154301817681097384900]
[1,0,0,-83451301835836505339622094504595112570,293100037604964283613171289154269227976286656300109500900]
[1,-1,0,-1013844706869085241884030494287504370,383312079581955140879990492812070932757128820095066500]
[1,0,0,-9327366518423676643700621544483761,346725314827357591512921699486961685298392990114985]
[1,0,0,-141033921768261303722896459969632383196,642982736099115694423636613434152191277519936678545325840]
[1,0,0,-119375272592212606342695780292063782980,486730768842864202768007431828034011912604553878407184400]
[1,0,0,-376654149758617929440196007339872300,88973290232367064730638426983006536029213915195290000]
[1,0,0,-12384379556305685688479674960590,-2940026837163614801093525753452171000804443900]
[1,-1,0,-465940285636697633201648611060890324,122417499952052899686605546724393820791691045238548368]
[1,0,0,-881063736059316881644156022557131,10065931953809263718033274148403504846943847748145]
[1,0,0,-2782943443885745159100949025619723531275020246,55855240810754614011637810490868813280940664269627083967668818447140]
