[1,0,0,-210121912561076041141788727170,37072777483029442821111037453964917510678212]
[1,0,0,2721419042645095050024690463410,70269004493489754502184256716133269311066066692]
[1,0,0,-178713244550246332063776938470605,28147864949458728271564240536379650884906835995025]
[1,-1,1,-41368267697099,102411668493915101147]
[1,0,0,-8474716297178877,301161814193541330007281]
[1,0,0,-266439437015692920,52937734034316909274523712]
[1,0,0,-146942284829128414437,685550722977646815589024721409]
[1,0,0,-45537718416564775527,118466673743669180600288571849]
[1,0,0,-1888354378647802297898219715,245047137264557236198562303343041637914817]
[1,0,0,-1120394540235646336605,20279431254320501002290372230577]
[1,0,0,-175119063305608654696002,28206363730630407175298748363753924]
[1,0,0,-573307517816083917344340,167075794327277663399911932573090192]
[1,0,0,-20720292010739233893383802,36302950298543685334430534235913526244]
[1,0,0,-32174355462579650355,416162791151353397699582660577]
[1,0,0,-127315383961088129848470,17485155070163945330435232719141412]
[1,0,0,12759458432333437998,14894378294123135181710531844]
[1,0,0,-1950873533612743056660,33177096191505561806432962227600]











